5000 898
87 143
55 51
11 63
106 139
52 37
68 96
90 34
78 92
116 30
135 142
62 137
137 11
134 150
77 106
27 97
123 48
76 94
139 47
24 119
38 87
77 34
30 29
75 44
19 55
40 75
92 56
71 26
108 92
33 34
20 42
149 142
142 117
80 147
20 81
125 30
100 132
56 34
143 27
105 21
22 52
40 109
73 41
142 17
79 112
119 113
93 110
56 87
71 127
147 94
34 56
38 88
93 70
25 114
130 62
88 30
34 10
18 81
125 145
90 75
66 53
98 17
38 58
31 52
68 112
124 97
122 110
71 124
149 118
10 73
97 73
114 94
119 111
85 132
133 16
128 34
107 42
127 98
118 35
60 102
60 140
90 10
69 90
49 115
149 108
123 83
95 32
40 50
113 36
102 76
66 70
73 40
98 125
90 27
51 10
47 63
40 125
143 41
15 64
112 39
35 14
34 126
150 46
96 70
133 113
80 138
77 105
131 95
134 133
82 79
85 99
116 29
135 94
98 143
106 14
142 23
118 37
129 146
110 90
128 30
96 30
40 75
44 85
127 34
95 75
149 77
122 123
123 64
66 121
23 141
101 147
148 72
58 76
15 68
129 49
95 114
27 100
66 88
11 108
29 121
71 56
89 41
96 41
110 128
106 51
27 111
140 70
39 89
10 134
14 116
47 104
102 74
33 149
123 95
116 110
42 133
36 67
37 126
117 47
11 129
59 65
146 46
17 80
93 31
97 64
18 140
62 108
10 128
96 16
145 88
83 104
32 21
107 35
29 48
47 150
73 75
28 150
126 91
54 17
91 43
33 87
81 119
124 100
78 49
111 118
103 15
50 120
121 32
57 105
143 27
62 100
126 22
74 130
23 35
128 124
122 137
52 31
134 56
90 114
143 140
61 99
78 135
75 45
79 61
18 118
63 11
14 67
53 66
91 29
92 140
125 13
120 50
76 50
106 99
31 133
79 47
50 30
139 49
22 83
75 41
102 132
40 44
120 150
145 37
124 64
142 31
61 104
134 40
123 62
60 94
62 102
41 148
99 109
60 59
39 101
140 71
85 20
39 32
83 135
122 126
141 19
62 55
70 95
18 71
31 138
89 118
98 79
116 69
57 102
79 61
73 78
122 138
78 120
58 136
71 14
115 51
98 52
72 79
133 134
10 43
127 133
36 142
104 127
42 64
35 141
150 59
121 110
91 62
73 22
130 44
65 60
98 136
89 55
124 88
111 50
10 139
100 64
114 60
31 100
87 59
145 62
129 108
82 114
116 21
53 35
133 104
121 60
82 20
83 79
34 40
80 75
40 107
128 48
33 17
32 12
77 98
24 85
98 42
43 120
55 68
32 17
141 95
127 61
128 52
114 116
67 90
150 67
52 80
131 145
110 89
60 96
74 88
23 64
85 35
121 121
149 43
44 138
41 60
45 85
117 71
77 23
145 95
109 41
128 40
63 70
15 112
144 47
79 136
25 81
79 108
52 54
46 150
60 90
105 71
122 55
88 43
84 68
67 100
76 116
124 64
22 105
95 76
92 38
138 142
115 108
94 47
136 140
129 17
109 61
79 64
36 93
13 26
45 135
42 99
55 11
130 58
139 94
77 45
32 57
87 51
129 61
24 125
31 125
60 73
14 70
141 91
31 69
41 144
60 141
131 124
96 85
126 99
105 127
138 99
101 71
19 74
98 116
67 84
149 107
90 84
97 74
134 119
127 147
126 63
34 57
78 70
148 149
136 70
31 37
97 44
19 44
41 95
96 91
61 140
93 109
18 148
53 142
30 21
79 58
67 49
36 79
87 18
68 98
136 45
36 47
65 35
85 150
146 40
43 148
109 31
104 87
127 101
135 33
132 139
17 50
70 133
71 64
92 94
43 96
18 118
56 141
90 60
36 13
34 67
14 94
17 52
15 59
17 132
123 102
86 40
132 99
137 35
69 85
54 13
80 100
58 15
75 121
20 105
98 107
149 29
46 76
87 116
143 140
12 34
29 40
146 63
98 58
97 32
35 34
116 77
89 117
126 73
75 98
83 82
31 103
31 96
142 38
56 14
107 22
131 32
142 100
120 135
136 131
38 41
74 64
17 50
94 123
52 61
55 124
128 62
84 29
128 52
45 137
125 143
70 136
69 137
91 141
96 89
18 102
101 16
70 72
114 51
13 109
58 124
83 85
116 68
120 38
145 38
29 76
95 36
52 126
87 138
139 72
74 51
120 22
44 63
123 31
10 137
53 38
127 24
148 38
66 107
12 56
45 67
39 96
103 114
27 57
102 34
139 136
100 77
106 132
141 76
10 74
110 77
147 140
101 52
138 100
87 39
82 24
90 42
15 140
66 38
55 122
88 117
35 148
73 19
48 34
21 47
49 133
119 88
146 106
137 26
117 11
37 17
112 88
129 82
27 111
134 59
31 137
80 85
71 57
54 50
92 116
136 44
54 130
150 145
105 51
45 89
122 149
42 135
27 120
17 95
115 78
106 72
58 99
31 65
72 123
51 53
116 48
49 83
113 41
69 30
20 92
107 50
104 92
108 58
27 125
99 39
40 51
137 19
66 80
52 125
32 114
38 120
67 87
50 101
28 62
123 95
87 147
148 42
19 18
50 111
124 22
61 12
46 14
102 64
150 97
103 120
100 137
65 138
68 94
107 83
107 48
16 29
69 107
136 108
73 137
33 143
129 115
116 40
82 47
136 93
37 110
36 104
104 74
116 65
142 93
118 115
21 61
145 67
125 62
123 132
114 117
87 80
14 38
54 66
23 11
79 11
126 55
144 30
126 84
117 135
67 54
30 36
39 145
41 110
144 18
35 113
141 23
121 111
87 28
88 35
90 122
38 139
29 24
135 116
17 131
30 142
108 125
66 75
27 116
69 77
81 128
17 103
141 58
14 34
129 66
41 62
14 76
121 79
45 45
88 75
44 34
10 109
65 16
144 77
67 138
38 62
140 53
20 86
112 87
120 55
16 105
87 17
140 145
96 45
102 32
17 97
103 31
116 103
59 140
127 51
135 139
136 46
41 90
26 43
101 147
117 51
148 29
95 43
122 141
80 135
148 55
96 122
106 118
63 72
148 11
116 64
71 123
53 100
136 115
119 61
36 91
39 61
145 147
95 50
68 105
27 113
61 131
64 53
27 94
140 139
140 23
109 81
64 120
66 42
34 13
110 88
21 26
85 103
22 31
52 112
89 80
59 12
79 110
121 145
132 14
16 90
140 145
31 97
25 58
17 132
103 20
84 51
20 39
129 93
45 136
89 95
26 35
113 30
59 85
31 76
83 28
140 121
55 70
129 75
97 52
70 116
16 106
139 12
77 147
85 11
115 133
44 145
56 99
134 111
78 140
30 114
61 22
101 88
30 59
88 50
60 79
35 14
111 53
129 84
78 96
96 135
26 126
50 69
17 118
123 33
78 58
113 137
95 54
87 109
33 110
22 83
123 81
24 46
94 135
91 79
142 136
45 53
76 10
21 30
101 128
33 124
76 10
21 10
129 138
125 119
124 42
97 22
40 84
71 94
140 26
113 90
150 65
38 27
16 44
125 83
17 75
145 43
147 50
111 149
31 13
90 16
39 82
73 26
69 51
130 22
128 130
141 87
79 49
39 62
31 51
128 20
71 75
139 35
12 37
117 32
46 51
124 118
125 65
20 37
36 39
33 93
124 93
107 53
106 21
34 35
123 17
150 100
39 16
113 99
26 140
39 54
65 25
125 96
80 94
27 131
139 51
78 66
113 123
46 130
94 85
63 86
141 59
69 55
127 120
106 127
80 136
11 92
92 115
99 73
144 113
133 86
101 133
15 89
25 45
79 65
64 20
83 51
118 29
28 126
20 98
119 86
57 46
62 93
59 124
141 47
135 51
68 88
10 86
145 124
59 129
58 136
40 128
128 113
16 53
36 140
93 150
106 110
138 35
20 125
70 74
57 24
18 98
54 102
92 145
28 103
128 138
128 76
108 48
101 35
123 121
79 86
46 30
131 49
29 37
64 15
48 99
88 91
85 116
44 79
97 77
25 128
84 50
101 10
118 141
26 67
22 92
42 91
37 131
52 31
14 68
12 65
135 54
65 87
87 102
117 147
54 134
131 95
73 134
95 145
138 15
42 26
131 46
145 17
42 86
142 48
81 130
79 38
69 124
103 105
60 22
125 41
20 31
145 69
86 23
131 33
121 82
49 17
12 110
82 46
98 87
60 78
101 115
107 34
77 105
45 135
150 91
144 45
67 83
80 82
45 132
117 133
122 76
56 38
65 75
17 87
93 118
124 128
141 78
110 17
47 32
13 76
110 117
132 105
35 89
35 55
62 38
125 122
18 82
99 23
126 113
60 131
104 68
113 62
59 88
23 125
35 57
59 115
48 122
61 131
97 39
34 104
32 144
104 62
58 63
70 10
23 148
99 100
38 39
109 133
78 61
110 55
140 138
35 107
104 106
24 25
53 103
135 96
36 93
117 39
31 102
44 92
23 119
133 12
115 65
129 126
76 19
16 76
17 125
143 106
132 46
21 36
24 89
116 87
135 61
23 16
76 127
46 117
125 111
11 149
134 131
94 148
83 33
131 126
149 125
118 53
25 13
131 102
126 95
149 59
110 110
103 74
10 87
125 25
37 103
116 130
30 20
49 64
109 75
77 89
46 108
17 102
94 31
92 12
51 38
112 108
56 18
94 89
147 83
54 19
128 57
144 106
85 145
94 56
131 69
11 143
98 89
91 57
29 119
130 139
43 117
52 112
91 94
114 150
46 114
121 44
74 150
17 140
116 95
49 80
62 79
60 91
24 98
71 117
12 109
25 97
112 136
83 46
103 117
31 122
107 36
92 70
45 102
85 43
55 22
38 25
67 45
14 63
88 23
111 36
140 125
65 142
146 114
135 143
100 71
146 113
127 90
17 106
72 132
85 58
35 73
82 118
66 120
42 108
118 84
36 135
47 127
136 132
95 13
32 34
72 11
90 47
112 119
81 56
44 101
50 34
108 106
11 100
60 138
53 100
94 114
132 74
136 85
10 62
21 114
126 144
53 32
35 44
63 147
149 19
60 133
80 37
21 31
67 15
87 100
135 49
124 105
49 142
88 35
136 129
125 25
12 104
39 127
130 75
67 107
100 87
32 91
61 29
145 95
27 138
94 121
12 129
55 97
129 55
149 148
61 142
40 123
137 54
130 38
96 12
144 91
52 54
59 46
104 128
99 132
35 144
127 101
23 48
41 133
135 71
70 86
54 10
142 50
78 71
75 108
77 35
30 128
79 66
150 30
16 141
53 145
134 118
45 36
127 75
147 41
19 53
95 94
47 149
77 47
67 33
95 74
76 64
134 84
138 52
100 136
26 121
19 12
33 57
55 59
119 52
101 48
74 67
21 101
39 44
36 114
124 112
21 67
22 68
44 104
84 57
116 60
33 66
89 58
107 148
62 104
85 107
98 53
70 67
107 79
138 127
132 145
91 74
133 51
48 55
63 18
50 47
97 85
13 89
69 106
57 117
147 128
119 26
147 58
97 66
68 29
131 124
122 103
41 110
127 104
16 21
81 10
62 43
100 42
105 101
61 148
135 134
29 79
54 91
42 108
132 126
133 36
123 55
29 22
51 123
80 108
114 15
43 82
131 53
54 100
62 125
121 60
100 75
75 46
91 70
120 51
147 16
132 78
137 124
15 141
12 121
96 125
59 58
137 40
107 77
110 20
110 16
104 88
44 37
26 51
15 77
149 109
86 20
107 127
77 109
129 97
19 87
89 139
139 110
52 38
46 138
138 74
36 97
97 136
11 34
23 35
149 110
36 12
30 38
37 77
104 103
18 28
51 89
25 123
89 70
20 73
74 30
87 72
35 98
134 59
81 76
90 38
37 128
100 141
141 37
53 48
114 148
41 71
54 76
106 133
84 139
30 89
110 86
11 86
90 98
24 30
41 64
93 18
101 78
146 145
88 18
73 13
121 26
43 127
109 125
11 76
20 74
112 53
130 66
17 41
37 134
45 43
13 52
143 19
118 24
69 33
101 37
73 59
52 148
119 22
142 30
98 79
55 70
120 147
146 97
22 62
71 38
68 26
14 11
72 95
129 150
30 99
139 62
73 87
132 36
140 123
48 14
104 40
37 54
60 88
43 122
24 71
143 92
56 27
66 89
33 12
111 100
138 124
74 60
60 118
11 103
30 118
81 142
56 93
134 102
129 128
31 14
106 50
82 125
140 130
56 138
92 10
59 119
78 35
115 123
44 144
30 112
43 113
109 42
28 88
90 44
124 63
57 116
70 62
30 135
118 143
96 119
134 45
94 148
72 110
14 108
38 51
65 105
150 22
119 123
119 145
59 91
108 142
105 138
53 123
48 27
53 89
79 79
47 117
112 16
91 72
21 111
43 86
118 19
78 119
41 64
101 128
11 112
96 120
51 113
36 87
54 101
138 105
78 117
80 79
27 102
64 15
36 137
72 68
24 14
107 53
55 23
131 47
149 112
15 53
127 32
146 19
90 116
55 63
122 144
133 15
144 56
88 132
67 11
80 60
119 112
121 117
61 41
90 97
18 147
135 98
64 127
61 64
74 104
27 54
27 136
137 150
102 49
142 103
54 111
136 83
148 52
14 88
45 111
39 62
74 24
113 56
46 134
107 19
34 144
132 68
76 78
140 74
63 148
54 30
31 78
30 128
131 74
35 120
110 90
43 10
36 142
13 58
145 88
25 35
123 42
107 79
45 113
78 72
22 65
93 15
86 40
84 52
124 17
26 117
85 25
89 117
68 33
149 134
115 129
27 140
68 96
105 96
106 26
49 43
22 42
97 150
135 42
42 88
75 31
117 87
78 79
33 120
11 110
83 137
79 134
15 123
109 121
147 15
144 65
81 52
44 33
128 141
132 93
133 77
135 46
142 15
111 100
87 100
28 13
44 71
136 88
131 36
83 69
68 148
85 74
46 46
97 25
140 29
38 21
97 22
47 74
81 76
60 91
64 104
128 110
11 132
149 146
104 126
64 89
23 48
126 12
105 73
71 102
115 43
13 32
109 79
71 73
12 144
53 111
96 70
146 124
37 52
26 146
54 131
68 34
135 109
39 90
22 101
92 53
115 76
19 31
83 114
147 111
105 128
125 133
17 109
73 51
23 60
52 140
108 145
69 31
11 89
123 62
128 93
60 74
116 51
85 65
42 130
76 57
98 130
81 133
81 144
74 87
103 56
109 83
59 112
80 51
77 72
130 27
120 28
42 40
50 28
62 117
77 106
10 142
127 55
31 69
50 35
50 123
108 135
140 36
85 43
74 110
70 57
82 20
42 135
141 17
14 41
64 16
58 115
102 63
107 52
40 106
141 45
70 105
93 132
95 44
109 75
52 39
112 150
85 91
34 109
110 150
127 40
34 68
19 48
76 26
68 127
122 120
140 95
91 147
69 26
35 138
28 33
103 58
62 78
85 59
96 64
140 111
135 116
133 150
77 39
114 82
126 106
138 112
31 74
103 80
17 87
139 45
24 93
56 112
42 119
29 104
148 111
143 147
108 136
11 121
146 65
16 122
49 14
117 74
43 27
20 79
51 120
127 135
26 85
70 118
41 137
70 84
10 68
48 59
47 138
50 121
101 11
130 53
71 147
51 112
121 149
147 74
27 113
10 90
33 79
20 132
98 103
99 96
146 61
70 119
125 77
145 84
109 121
48 123
23 19
102 44
134 77
105 20
31 138
76 140
72 19
72 29
64 48
29 39
14 147
101 90
30 46
105 127
80 148
79 121
47 91
91 73
133 87
49 52
84 10
72 127
133 100
116 104
17 132
146 60
76 36
89 19
148 32
83 36
104 15
63 88
123 17
45 108
112 14
104 61
76 117
63 95
77 81
55 85
80 105
128 150
92 116
113 135
12 140
114 100
144 110
105 85
95 123
131 147
113 77
105 141
19 91
45 10
20 90
69 10
68 109
114 31
131 10
101 73
45 104
140 112
10 33
103 20
68 119
13 59
31 31
48 38
144 22
26 146
37 28
116 82
12 72
130 34
144 22
125 90
40 107
62 141
18 35
32 99
121 132
99 63
44 53
87 123
64 35
90 86
42 69
94 40
57 118
112 120
54 130
22 109
24 39
73 98
83 35
117 136
49 137
74 66
120 48
88 108
43 123
109 55
130 14
113 47
115 18
21 139
53 60
74 109
112 95
16 89
116 88
124 23
70 78
111 38
104 64
27 114
86 17
55 61
61 107
14 112
34 113
86 97
63 141
131 24
117 64
30 125
108 57
87 98
70 89
43 99
17 121
51 76
119 85
11 21
86 41
23 74
79 86
55 123
47 27
46 110
80 95
92 139
99 16
34 11
63 104
59 99
79 61
78 133
43 68
92 140
28 138
139 149
115 121
26 119
121 20
10 121
37 35
103 149
22 68
29 111
111 113
149 96
66 13
135 51
99 77
134 108
141 42
94 143
114 44
135 46
87 26
29 62
132 119
95 57
48 135
136 61
77 30
31 50
117 81
69 65
104 98
51 14
83 90
142 54
112 111
37 98
146 48
87 43
143 23
44 52
75 116
34 82
24 100
138 148
31 133
25 55
106 95
71 59
28 112
149 16
107 16
55 127
105 127
85 124
119 112
98 78
59 36
92 81
90 98
91 103
83 128
25 64
52 65
80 13
60 97
136 45
57 86
132 84
88 114
147 51
111 144
38 10
39 51
32 65
33 16
116 125
91 65
139 96
52 28
63 13
113 112
68 79
64 98
146 108
109 28
20 23
135 143
105 19
22 48
104 137
21 114
23 101
126 121
42 74
76 136
56 150
78 12
90 52
51 118
109 133
34 77
46 35
123 129
75 150
130 84
126 19
149 105
14 71
36 146
74 26
55 134
16 140
137 25
99 104
48 139
112 143
100 105
97 134
27 42
105 60
82 17
81 109
93 79
74 57
107 47
102 44
30 40
33 83
69 122
35 145
78 124
95 50
95 130
123 74
84 64
77 69
85 80
91 144
107 67
24 20
74 22
20 119
137 98
126 91
90 138
77 139
103 26
55 95
104 12
19 131
80 104
26 118
129 118
44 99
110 130
123 50
133 24
117 63
126 57
46 42
132 47
78 85
27 94
30 109
110 104
76 76
144 30
114 142
103 58
138 36
54 32
75 65
102 56
79 10
88 87
141 116
24 90
25 91
100 144
127 88
51 39
147 68
33 10
104 62
111 75
21 122
81 65
77 41
125 101
133 74
105 145
67 94
10 23
54 149
114 132
33 40
59 96
61 79
118 24
119 137
87 110
111 89
18 62
38 117
78 100
104 149
89 76
131 64
19 61
122 104
135 40
63 141
131 137
111 80
90 83
78 18
20 143
64 95
18 61
118 145
96 56
132 124
68 87
68 77
23 87
120 26
142 150
50 101
129 62
127 87
64 123
110 112
65 129
19 34
57 149
25 46
126 110
99 59
125 122
28 111
96 35
103 132
37 114
138 65
74 30
45 98
128 70
67 131
47 93
42 17
99 40
38 37
49 118
114 79
22 138
33 23
112 105
53 96
103 103
106 78
67 98
107 15
66 114
146 128
107 80
23 89
44 59
91 22
109 63
78 110
89 110
15 122
130 49
71 73
14 47
120 81
146 106
64 123
93 111
42 129
93 34
87 94
113 99
32 73
126 119
91 84
22 127
35 101
11 143
40 117
60 142
88 41
23 42
143 29
128 140
22 16
120 120
95 104
100 91
78 63
34 84
92 143
61 32
34 88
74 117
45 29
148 88
57 91
15 38
37 128
90 96
47 144
97 30
24 145
79 88
132 119
25 15
125 91
146 94
90 97
24 144
51 140
139 54
88 99
84 121
71 66
90 110
74 129
147 114
129 47
12 27
64 128
22 59
123 73
109 11
126 133
74 107
35 98
23 33
99 93
30 18
70 144
132 83
103 25
59 28
101 124
107 21
55 39
13 32
13 125
27 90
120 137
107 94
86 51
41 101
20 141
147 137
79 48
37 146
54 37
139 94
20 32
80 42
81 138
22 36
71 29
60 50
61 149
14 134
129 118
108 121
116 100
33 129
70 55
37 110
54 71
145 30
33 126
56 150
49 80
50 106
69 57
49 50
21 32
122 34
76 99
61 88
125 38
85 102
39 59
107 66
87 135
39 10
89 23
14 105
102 40
138 60
108 69
126 61
95 36
118 35
58 82
32 95
34 52
73 59
98 57
37 67
33 100
104 106
55 81
57 107
139 59
29 67
147 100
66 116
75 108
23 63
142 74
89 143
128 143
30 126
146 49
145 67
150 100
43 48
128 149
43 123
90 136
11 47
21 67
100 43
56 115
114 104
31 27
111 11
125 121
42 88
136 150
48 52
61 61
53 108
98 34
62 93
37 104
55 30
102 40
145 54
54 24
15 85
45 98
144 84
99 12
88 126
134 50
146 91
83 149
25 95
143 21
148 150
43 71
98 72
96 147
27 24
46 117
49 83
29 30
131 39
92 46
125 57
134 150
62 122
31 97
148 79
138 89
115 78
78 147
124 33
137 126
17 133
36 17
15 91
83 77
144 125
64 98
70 146
94 18
107 113
64 80
149 144
31 48
19 39
126 38
30 143
78 53
122 134
21 41
24 142
147 14
128 135
150 103
112 61
133 48
21 37
68 51
43 50
58 121
36 65
61 124
147 114
113 107
146 57
37 42
111 38
96 101
48 53
63 102
51 132
41 49
89 102
71 67
141 95
49 24
117 11
147 23
81 70
64 132
97 12
137 135
57 147
41 107
150 29
134 18
67 18
21 61
121 67
104 83
73 44
15 129
97 13
39 14
95 93
134 92
114 42
26 82
59 97
115 111
132 42
108 132
117 112
23 51
38 99
79 66
41 54
14 113
132 145
12 44
37 88
135 32
131 90
57 115
71 97
13 137
59 54
135 31
39 108
73 18
37 114
15 28
70 85
20 19
35 110
139 146
110 21
89 75
89 78
95 138
55 72
147 12
136 127
53 129
66 130
133 42
60 54
135 53
107 123
133 71
148 57
130 111
109 125
118 41
84 118
108 24
28 95
30 29
11 136
131 84
56 57
67 40
25 126
20 67
50 43
107 129
142 98
26 37
111 34
54 126
150 132
134 28
27 129
33 143
145 91
53 132
51 30
150 74
145 70
24 37
52 111
39 118
121 112
134 109
137 149
87 83
70 60
100 32
118 89
107 144
144 118
147 14
16 125
126 37
144 15
53 105
86 129
115 143
64 102
71 80
90 74
18 56
18 99
53 93
133 31
52 55
114 113
107 139
32 102
79 37
130 40
80 102
64 90
61 42
109 90
77 105
32 124
118 120
20 68
49 59
41 31
91 43
66 137
61 69
86 97
67 86
90 84
56 129
16 146
149 56
54 66
125 41
131 108
43 125
143 63
100 57
142 57
39 15
12 53
38 144
98 20
98 97
133 73
40 146
58 109
60 121
142 111
51 104
88 90
73 78
30 28
123 126
120 86
12 144
89 123
126 27
57 104
113 51
86 45
41 87
67 46
125 103
92 68
108 122
29 14
50 123
66 23
141 44
77 115
97 60
106 99
108 34
75 17
113 83
97 66
18 70
63 148
20 104
127 87
40 54
80 118
65 93
15 79
125 138
150 129
29 147
53 50
128 25
144 35
97 116
80 107
61 70
63 119
83 22
93 122
148 86
55 34
147 89
98 96
43 77
129 81
79 40
25 10
136 27
97 11
114 87
98 13
135 115
149 116
35 49
71 41
16 21
125 18
139 25
54 83
43 135
43 85
54 120
109 11
79 92
58 89
67 40
38 139
33 17
37 143
82 99
134 94
98 124
144 54
112 96
115 80
150 129
67 122
71 77
147 62
26 58
69 131
146 127
147 76
113 92
62 129
16 49
122 56
130 103
16 91
92 34
17 65
122 140
27 11
21 100
124 59
66 18
138 138
128 36
124 104
140 23
60 42
23 136
150 124
94 104
11 102
28 51
68 120
126 127
143 25
127 93
71 30
53 149
108 16
132 31
87 114
136 48
78 136
127 58
84 48
69 143
93 100
149 70
51 41
40 49
92 95
148 138
72 125
118 58
149 135
98 37
122 142
52 110
15 125
54 131
11 133
119 29
71 89
108 92
68 90
50 149
128 14
142 81
85 27
120 86
116 92
22 74
97 40
133 129
145 30
18 138
59 86
86 79
117 63
54 62
92 26
143 130
127 74
123 142
64 76
73 120
96 25
149 61
32 48
17 70
24 69
95 142
40 111
99 63
40 74
115 117
101 53
129 147
33 34
10 11
97 15
147 27
146 33
90 38
73 100
53 14
101 116
124 114
102 100
121 60
46 50
123 12
58 147
48 51
56 51
52 147
40 70
10 68
46 42
54 27
41 81
99 114
73 137
47 95
23 36
12 46
65 141
118 21
52 18
97 84
89 11
56 53
146 143
141 145
44 112
143 147
140 23
19 107
126 115
43 145
57 82
79 122
115 118
71 12
121 132
26 133
122 103
82 136
149 75
94 73
141 127
41 133
29 142
40 101
78 91
93 10
133 119
114 32
117 125
137 78
118 12
144 39
110 84
13 109
71 87
100 129
102 50
101 90
106 70
59 138
76 135
20 53
98 144
81 54
73 33
125 118
107 117
57 20
25 129
58 121
138 125
68 30
14 64
11 95
149 139
94 16
43 125
118 81
145 17
127 62
54 21
108 137
92 115
119 103
37 146
136 122
95 115
44 143
99 54
61 122
139 139
74 26
45 58
22 117
141 43
96 138
72 119
86 10
89 91
76 139
75 139
97 10
146 147
81 111
28 119
14 37
20 53
14 30
60 109
142 85
75 134
28 29
15 78
93 70
54 28
32 135
134 78
101 32
73 72
36 99
109 50
53 39
63 70
65 106
23 42
32 109
34 41
140 56
43 25
93 89
92 90
72 12
114 98
118 84
107 143
140 69
44 41
129 47
92 48
45 119
147 15
72 23
109 25
90 77
147 104
45 92
121 132
142 22
123 150
15 78
46 43
107 52
108 91
77 55
90 80
64 77
138 131
146 20
17 133
103 29
73 16
38 33
106 148
121 48
52 66
81 108
74 54
50 76
30 109
52 47
11 18
63 90
135 86
23 89
76 38
115 27
141 134
135 135
145 77
80 23
29 24
51 146
125 100
68 144
81 139
98 113
135 120
112 48
94 130
116 46
134 96
25 125
66 56
10 65
53 94
33 32
33 98
74 66
43 79
14 80
35 59
84 27
133 78
36 142
23 141
51 143
35 116
34 78
36 25
114 62
143 82
93 36
62 18
72 19
141 120
61 97
31 59
114 118
108 43
76 67
62 89
102 79
145 45
140 95
13 112
43 125
36 35
136 88
107 18
150 138
116 137
59 69
128 95
49 127
85 79
16 105
48 77
114 123
106 27
19 76
82 72
114 147
67 18
140 12
38 77
148 116
83 30
115 112
69 24
67 28
46 117
53 11
65 150
84 117
131 142
138 15
24 51
72 119
35 126
17 36
89 26
99 91
46 84
103 102
59 102
140 92
148 50
138 132
78 32
64 47
95 31
18 48
87 102
47 130
110 126
36 51
113 125
43 105
22 38
83 73
26 129
22 86
68 25
92 86
102 128
29 91
94 19
37 82
70 34
34 19
127 48
107 14
85 34
104 133
132 11
67 66
143 104
13 67
21 66
31 132
23 92
147 61
78 49
138 13
36 43
82 82
136 21
38 43
64 130
76 120
62 143
67 76
17 68
90 25
45 91
94 87
127 111
146 118
15 14
133 83
107 94
148 52
48 139
24 145
69 62
36 50
95 13
21 98
76 52
136 85
12 23
116 59
45 65
83 56
24 42
101 141
58 51
17 121
61 83
94 52
44 148
81 150
26 86
101 113
70 49
55 48
136 35
135 102
30 74
95 49
132 145
55 117
83 102
24 20
23 71
147 129
139 130
47 110
96 22
41 96
58 33
95 17
43 71
93 119
117 107
23 111
67 36
141 54
146 29
119 129
27 37
110 18
37 64
146 112
74 139
92 77
30 64
137 66
54 30
86 22
120 57
137 98
69 127
83 135
18 142
75 43
73 37
101 74
115 56
113 78
118 140
63 144
29 23
55 19
120 145
130 104
33 68
36 51
85 48
92 35
109 88
150 51
111 11
37 10
123 86
17 142
18 130
57 67
73 52
128 122
134 11
140 96
13 33
119 136
96 49
110 147
104 118
80 75
105 84
42 92
99 25
39 61
17 32
137 115
26 94
139 28
97 116
139 55
145 147
148 47
114 133
61 84
42 69
24 101
98 58
42 43
48 75
105 98
135 18
16 108
107 36
133 112
119 20
25 108
142 142
12 40
138 93
127 135
73 108
108 63
57 83
65 28
50 57
123 144
53 89
46 50
75 131
126 90
63 129
18 17
20 92
123 148
24 94
148 72
80 49
23 49
81 140
44 99
84 22
89 51
59 31
27 102
73 150
35 15
18 142
89 132
75 31
89 22
130 91
40 131
67 16
139 136
55 138
82 78
146 144
10 56
52 18
79 47
108 114
121 15
118 37
40 111
109 42
22 134
54 25
126 140
51 19
116 11
39 97
96 80
30 29
127 111
69 83
123 150
99 98
62 126
35 89
83 70
82 11
103 75
99 60
21 57
118 16
11 35
61 99
120 116
44 115
14 42
111 83
58 48
102 112
137 59
76 85
123 17
144 64
146 95
113 83
136 54
118 129
131 16
77 49
147 86
32 10
96 93
93 61
119 108
29 11
49 57
23 59
68 24
57 62
29 56
38 48
53 82
72 145
134 58
58 115
43 78
81 144
141 34
67 31
150 63
85 92
147 115
38 65
103 120
70 105
118 65
56 18
149 23
28 77
89 106
35 86
23 83
33 98
105 11
74 95
85 81
118 98
111 38
113 148
99 120
138 32
107 134
31 20
67 118
147 126
118 79
53 53
146 101
83 34
19 127
11 45
17 44
127 37
101 145
146 71
34 124
68 105
87 58
68 136
51 35
135 96
17 71
103 145
101 11
88 136
120 121
21 59
140 62
48 82
99 47
35 17
34 149
74 81
88 94
13 46
113 121
128 140
59 129
125 90
18 50
88 94
103 10
121 107
124 57
145 150
114 68
76 127
11 45
125 39
45 45
62 26
135 127
26 50
82 62
61 119
30 29
82 72
127 17
80 118
108 103
37 116
112 69
22 78
17 137
50 115
81 16
20 98
58 72
26 47
125 101
109 111
112 119
131 73
30 69
76 33
139 73
23 99
110 149
74 26
64 136
111 80
73 24
113 30
63 31
74 148
43 32
82 132
121 124
16 75
87 23
10 135
49 10
118 74
74 121
71 96
16 53
52 142
97 136
61 108
64 133
107 137
148 86
28 22
48 38
73 44
147 48
98 27
102 49
15 142
112 107
116 120
62 22
57 93
21 143
77 115
56 142
66 110
87 20
134 42
44 21
23 30
59 118
110 61
135 125
97 95
72 136
17 18
36 75
22 12
23 47
70 38
41 101
38 99
21 38
27 29
65 76
48 129
79 126
101 29
149 118
145 13
145 92
22 56
56 122
45 118
135 116
32 28
94 60
91 50
25 92
44 34
105 83
47 115
114 66
125 47
80 103
29 111
83 53
53 134
71 54
86 144
143 11
29 111
50 26
79 120
44 20
125 26
136 117
45 133
127 104
32 10
89 149
48 149
112 25
150 45
15 40
13 75
22 26
107 82
20 55
22 55
43 100
29 38
148 58
110 111
41 128
149 119
44 75
72 65
61 43
63 121
69 92
98 87
88 43
18 57
40 88
144 80
101 116
48 133
136 150
106 15
149 76
106 127
84 43
34 28
12 116
143 109
103 59
60 40
19 92
18 112
42 127
55 117
57 128
56 65
34 53
92 145
63 144
134 42
136 79
84 17
138 56
114 13
147 103
126 12
90 17
106 116
27 110
130 75
50 130
101 24
23 47
46 50
25 110
37 77
44 11
42 128
121 101
150 148
67 143
46 123
102 139
46 138
51 80
77 120
148 109
11 87
72 132
68 119
106 30
107 58
97 93
98 146
108 68
116 142
93 12
27 136
55 150
29 139
48 125
94 130
66 132
17 13
46 72
70 132
43 121
103 143
102 142
103 116
113 19
17 84
105 18
25 107
131 25
93 73
29 140
139 106
72 112
124 75
95 134
137 66
65 54
66 144
45 88
27 83
46 92
68 96
146 88
74 130
87 144
16 12
46 23
88 102
91 136
103 109
43 31
103 82
140 14
23 34
148 15
139 10
23 101
124 17
120 84
46 19
54 87
23 139
23 88
136 146
125 106
28 128
96 28
127 62
10 101
149 107
120 60
30 71
19 45
119 34
16 49
64 19
136 77
150 131
98 83
84 57
72 113
39 91
96 87
65 12
60 132
124 115
86 17
12 44
51 138
128 65
21 21
22 89
43 83
24 75
50 112
115 40
60 22
61 79
70 21
63 134
26 89
146 139
63 99
118 12
62 13
53 141
54 111
49 54
37 131
50 74
34 147
117 12
119 143
61 110
55 68
53 86
139 80
150 87
18 117
104 79
50 90
91 102
129 49
126 15
134 86
133 117
47 135
11 83
57 111
19 142
86 77
138 17
28 142
69 111
101 107
128 19
97 29
104 70
82 144
34 40
144 131
87 58
107 57
123 128
142 88
103 45
107 108
44 125
115 107
38 149
131 112
133 72
10 14
109 131
89 30
109 31
142 117
13 75
81 49
71 34
104 70
75 115
39 142
36 101
150 80
38 18
94 106
58 111
15 124
140 37
47 29
62 79
31 148
25 91
21 139
136 150
115 51
139 96
42 127
99 66
111 67
64 99
70 121
106 93
28 43
132 147
22 126
40 57
28 91
54 147
59 131
47 59
12 99
130 13
20 110
112 74
138 124
40 47
21 114
35 105
85 85
11 19
94 135
19 125
17 28
79 114
120 108
45 105
76 49
34 26
43 14
102 118
89 77
34 79
17 106
95 93
78 149
89 31
126 29
86 90
128 45
113 125
92 44
24 36
97 40
74 87
44 48
71 88
74 145
74 137
128 86
103 149
132 17
82 91
115 136
22 13
95 80
132 79
70 87
57 23
149 129
36 86
122 14
109 19
57 48
148 21
93 92
114 77
137 45
39 61
115 66
140 43
49 87
133 81
134 97
112 84
57 33
28 101
91 15
128 46
62 92
62 27
108 25
80 84
60 141
150 105
93 42
99 120
66 96
77 103
39 93
46 47
37 122
136 89
36 134
87 85
84 149
114 108
56 35
137 131
11 31
81 62
128 96
107 25
94 136
29 57
28 97
99 105
132 95
70 146
120 99
11 127
86 116
134 149
75 68
59 26
78 150
147 106
136 142
34 114
64 140
107 105
56 10
61 61
98 89
132 14
139 49
45 134
146 36
83 61
56 95
127 11
73 68
34 37
47 126
63 15
52 63
94 33
37 69
121 48
135 31
59 62
75 110
45 127
28 62
99 132
42 130
133 137
139 34
126 80
107 12
126 88
28 13
142 58
53 144
55 137
97 60
55 17
90 31
109 58
72 103
92 40
27 149
91 112
29 125
62 82
51 95
43 143
15 63
82 26
63 133
48 134
100 54
19 37
57 16
104 125
36 35
45 55
22 49
89 103
66 61
146 10
18 40
72 120
137 76
129 81
125 103
46 122
33 140
109 109
29 34
52 69
92 45
92 123
63 78
22 15
109 147
34 14
127 23
124 139
14 77
145 43
128 100
67 84
37 140
109 143
128 56
33 54
35 98
31 67
14 137
35 60
54 24
118 147
17 11
87 87
107 87
36 44
81 119
51 130
74 97
85 75
77 149
44 145
96 76
103 64
104 10
130 38
29 59
101 37
128 69
110 86
145 67
82 23
42 43
117 39
104 85
62 47
146 119
41 87
60 24
84 45
108 131
59 28
101 102
45 124
143 94
81 62
42 54
58 54
35 107
53 10
115 27
94 139
128 144
84 67
63 127
87 111
84 117
11 31
90 16
19 10
93 20
24 36
104 40
117 72
96 33
121 119
83 88
127 116
82 137
147 149
104 40
89 124
106 137
89 122
24 51
54 62
146 24
148 109
70 24
11 137
132 74
75 44
79 94
115 126
106 65
10 64
70 116
37 138
22 117
123 12
39 132
110 67
131 78
122 97
127 135
68 16
148 74
139 104
107 103
49 55
60 82
137 60
51 142
94 88
34 47
122 143
13 41
19 22
80 120
14 25
29 113
135 90
141 135
147 47
98 83
33 98
118 61
141 133
103 124
102 138
12 112
90 129
75 109
59 99
40 32
40 44
119 71
139 96
131 40
36 145
28 117
63 147
90 14
23 107
115 117
105 88
147 14
51 84
36 13
19 116
97 17
137 87
143 65
18 84
133 114
45 21
84 17
41 43
114 49
101 30
45 14
46 34
114 52
22 26
86 117
121 61
91 106
125 56
28 47
80 54
102 34
34 147
54 76
23 95
86 123
45 73
94 116
14 123
23 68
43 92
68 88
63 59
74 74
106 85
122 115
106 10
66 47
14 119
44 18
42 45
85 104
112 44
18 39
138 61
146 119
128 18
139 16
34 21
114 111
96 149
103 90
132 10
117 93
40 34
111 132
92 115
139 14
80 23
118 114
109 68
136 100
27 117
105 38
52 32
51 57
29 53
138 147
112 27
33 23
61 34
138 73
132 41
143 130
56 111
60 26
111 21
120 67
52 115
21 17
121 150
52 123
66 114
39 112
122 101
11 139
90 51
83 29
105 34
83 82
20 50
27 29
66 86
61 41
86 120
102 148
119 100
81 142
46 34
109 65
134 35
25 111
127 125
36 52
116 91
77 135
61 15
79 10
28 35
42 99
90 104
73 20
23 63
138 91
91 139
92 84
134 128
10 67
127 118
132 23
90 121
144 69
138 67
108 49
122 102
140 43
94 35
13 66
31 103
129 81
53 112
20 78
116 149
83 20
93 16
135 95
61 106
53 48
126 112
125 16
144 23
23 105
78 60
15 42
90 19
98 111
128 131
122 144
27 22
27 88
124 62
121 91
68 44
75 118
101 110
46 111
29 147
121 53
81 10
112 45
24 94
147 40
81 63
46 31
115 71
48 25
132 29
20 26
104 120
33 30
52 40
113 87
58 58
93 97
119 34
60 136
76 114
125 74
107 45
97 13
97 79
38 35
131 100
60 143
56 119
133 50
108 70
26 105
109 69
90 98
69 59
68 43
86 17
140 35
110 136
38 94
13 55
11 10
143 132
120 71
116 118
77 117
143 94
90 39
104 63
84 97
118 121
97 142
35 84
64 126
56 143
21 81
30 40
20 31
37 71
52 55
135 149
136 111
12 72
61 90
70 12
98 117
66 74
15 91
134 114
67 77
44 13
109 16
101 81
135 124
55 43
52 147
41 108
120 99
146 120
24 10
123 138
88 45
38 130
23 60
96 137
144 96
60 40
48 101
20 130
39 77
111 36
64 22
144 146
82 97
79 54
127 55
78 11
41 80
15 134
110 149
78 21
43 98
125 102
127 117
43 147
90 10
28 58
64 54
61 62
13 138
80 72
41 54
95 150
116 132
139 99
76 121
59 150
85 79
67 122
67 80
135 95
104 43
68 34
113 99
127 38
14 149
25 26
39 79
132 119
14 31
90 148
89 32
71 147
144 23
70 118
122 61
40 117
85 81
53 18
106 130
120 72
86 49
145 53
137 28
37 77
70 117
143 70
22 28
75 55
18 66
24 50
63 14
93 20
34 46
61 73
90 57
43 36
76 51
114 52
126 36
91 84
60 12
103 22
40 114
70 76
42 90
83 67
59 100
133 18
28 58
82 24
34 13
28 132
11 66
20 43
31 66
39 11
86 131
85 142
80 139
125 15
82 76
128 63
92 107
87 56
21 103
87 42
11 82
143 145
125 141
122 27
75 26
83 135
112 56
146 75
87 60
25 90
111 84
39 42
30 90
135 95
116 26
47 49
46 147
84 17
85 146
23 105
36 10
51 22
62 127
147 55
59 99
14 48
98 39
14 14
57 13
42 85
136 144
133 134
149 31
96 144
38 122
79 147
101 126
40 33
88 96
145 42
32 143
142 48
124 127
126 46
57 27
23 63
99 114
19 44
63 124
130 96
16 109
18 32
116 72
56 20
104 60
47 12
130 11
42 149
118 106
20 91
47 57
117 25
63 120
139 13
49 46
62 17
21 140
74 22
79 130
47 15
88 142
135 43
146 105
58 123
45 109
142 144
122 130
61 19
58 31
131 21
103 82
118 22
82 61
78 15
124 86
67 81
148 95
143 91
21 77
111 135
74 29
70 68
23 110
139 147
60 142
138 89
123 150
150 43
75 22
67 131
73 143
57 26
86 125
147 36
19 28
39 43
101 57
77 141
83 10
79 77
142 138
44 116
14 74
134 41
113 64
39 29
58 104
78 33
93 12
40 22
77 12
121 80
137 30
140 42
125 24
132 130
29 121
93 120
50 145
123 105
63 93
124 30
126 76
102 59
133 117
100 18
85 117
74 101
80 141
43 15
31 146
103 100
38 77
76 64
123 50
47 78
30 119
123 26
130 11
23 57
51 115
112 57
82 19
135 33
103 52
83 45
41 21
14 99
102 107
53 111
136 138
45 57
146 143
63 129
93 118
124 103
117 109
132 63
33 16
68 41
17 112
92 50
116 104
138 66
125 85
43 98
116 119
89 82
135 110
46 103
103 139
71 85
35 114
79 83
36 100
47 87
118 30
48 106
44 144
74 85
74 133
68 69
11 40
71 94
59 80
75 37
34 131
11 107
64 140
114 84
50 109
98 12
54 144
95 119
45 65
119 100
22 15
20 53
125 55
68 21
75 121
47 97
35 117
133 137
46 22
145 148
147 133
95 63
67 107
107 77
20 117
149 82
83 131
113 96
55 29
63 94
18 83
92 78
16 51
64 66
85 127
124 65
142 23
95 142
140 34
139 81
104 65
76 51
94 70
14 118
30 94
119 64
132 141
64 41
113 74
97 19
16 100
103 109
59 44
16 143
15 59
23 143
124 73
110 129
99 23
101 103
110 37
108 78
34 135
50 74
116 106
101 51
11 146
80 44
20 67
144 22
29 86
119 45
59 122
13 91
77 102
99 123
81 43
73 119
49 68
12 20
119 116
29 52
134 145
26 65
133 63
113 27
24 40
82 104
126 11
145 147
58 65
51 33
66 15
47 105
132 108
108 40
102 73
53 103
74 126
118 87
99 73
128 137
45 105
32 112
82 83
147 134
11 132
148 78
86 75
122 115
22 65
12 28
141 115
73 21
126 118
87 95
43 12
33 107
36 110
116 125
147 29
62 97
77 93
34 90
54 137
91 34
62 61
72 78
124 55
89 17
135 68
52 12
143 32
142 68
123 125
120 67
146 21
93 44
39 49
82 110
92 88
19 140
55 79
137 53
138 73
65 97
114 93
98 76
84 150
133 43
19 123
81 74
41 48
58 94
21 117
108 145
64 118
47 27
89 125
44 51
60 124
124 60
124 136
111 96
42 130
24 124
34 47
78 66
89 39
69 116
72 106
82 115
41 37
45 28
85 22
98 106
59 116
107 102
46 108
23 106
147 110
16 106
114 59
61 69
131 31
18 99
145 119
136 136
126 134
91 54
88 144
28 84
118 84
140 129
45 98
26 97
16 113
66 94
79 51
20 48
97 91
71 114
134 116
93 15
11 43
104 21
58 124
86 48
41 139
119 13
95 133
112 90
69 54
135 115
24 50
88 105
56 73
70 83
46 28
62 104
57 13
72 124
102 43
149 115
60 91
81 88
47 134
120 38
38 21
40 45
54 56
30 127
100 34
98 117
13 81
12 97
31 146
117 51
111 62
16 149
97 101
23 86
112 69
23 145
34 60
21 24
104 125
75 64
136 92
123 42
71 60
45 55
37 29
42 41
58 119
67 142
91 16
63 67
143 88
58 60
122 127
123 116
75 140
107 88
95 122
150 66
143 59
39 30
104 50
62 132
93 53
77 121
12 31
19 36
75 56
142 136
37 48
55 118
111 58
75 47
64 140
45 17
137 55
115 19
73 65
48 117
60 125
13 47
148 75
88 105
134 45
148 46
17 116
32 147
134 56
90 90
107 49
57 61
96 81
41 103
99 62
108 150
98 106
130 125
66 58
96 21
74 134
46 121
69 130
35 35
110 126
83 136
116 53
91 105
107 124
28 135
109 30
104 25
21 43
106 29
105 111
134 43
12 43
91 10
52 114
26 144
138 124
79 26
120 30
69 41
96 100
70 68
38 125
121 38
24 18
60 143
81 61
109 135
144 83
115 139
65 140
37 19
11 138
127 125
60 72
56 88
140 107
65 19
138 94
22 11
84 43
68 50
32 116
60 53
30 126
10 73
148 87
111 68
22 148
117 112
17 16
46 96
94 127
115 85
125 91
69 29
108 48
31 64
26 56
79 108
112 95
133 57
75 62
138 89
89 84
20 147
73 28
103 114
14 29
92 79
41 64
147 136
133 148
61 66
114 123
81 134
