100 100
319 752 176 781 244 220 260 166 962 665 206 440 286 461 790 209 212 397 624 218 63 293 334 972 294 854 940 996 50 507 657 618 689 928 194 393 773 938 334 961 986 696 721 903 186 149 408 835 756 207 993 362 351 678 440 391 70 561 951 698 337 482 627 811 593 280 929 720 76 368 880 365 73 447 740 553 748 646 671 705 49 854 349 128 639 231 683 932 275 473 235 280 83 940 969 458 455 830 601 123
811 543 812 71 515 884 633 363 735 572 935 314 879 157 91 670 538 258 488 872 583 937 147 785 695 540 624 58 876 559 895 681 961 588 888 978 596 581 849 934 38 332 401 530 865 87 789 745 314 55 559 591 8 695 492 682 317 276 64 421 508 787 222 146 16 9 877 186 967 767 429 496 957 475 859 848 305 368 17 735 582 752 198 953 40 224 226 449 175 402 117 301 587 758 324 525 123 213 526 760
430 74 499 103 287 999 121 867 712 327 845 396 371 64 526 762 444 440 569 791 883 879 534 388 230 432 398 621 40 944 425 65 899 726 830 735 42 60 321 999 199 459 364 715 234 540 722 794 596 713 605 925 912 635 242 251 530 789 170 135 663 600 507 42 397 49 295 648 590 416 248 554 436 691 502 1 293 614 309 985 511 560 981 597 390 2 174 789 395 425 573 425 76 515 430 414 402 255 959 896
317 413 47 155 751 424 876 589 666 403 938 33 543 344 408 458 851 782 87 253 303 109 916 811 138 740 394 541 889 341 344 227 445 221 663 653 637 453 607 672 214 166 582 783 90 117 260 949 229 495 509 81 152 400 101 616 941 801 124 592 738 79 653 321 196 971 744 696 816 176 889 755 735 400 458 939 668 908 354 759 726 435 813 762 731 243 351 239 937 573 378 197 308 755 708 549 556 803 16 504
290 857 48 232 336 851 5 330 354 96 135 281 5 937 46 811 985 922 378 540 841 805 385 583 58 920 671 372 803 262 773 879 439 799 123 826 853 10 99 444 783 174 290 627 94 269 888 505 882 358 554 53 712 1 190 116 258 582 972 442 321 725 518 682 864 225 626 599 848 434 787 247 651 769 661 237 550 866 269 75 251 35 733 897 921 652 550 236 512 248 153 864 465 748 320 610 956 417 826 70
723 715 347 464 70 557 305 10 320 645 984 42 967 13 893 264 461 357 349 728 996 872 924 149 798 930 877 209 399 621 72 284 874 963 950 349 71 148 693 308 955 528 806 818 280 172 959 549 322 902 334 468 119 660 364 886 937 703 58 186 669 984 781 52 810 155 82 628 877 731 23 285 413 205 18 575 276 470 42 177 704 986 192 911 239 345 864 511 534 701 43 483 870 455 554 311 575 734 355 593
301 483 225 433 49 500 225 230 301 567 509 988 132 254 583 28 228 241 843 979 695 17 381 174 443 997 849 707 151 466 19 33 152 786 234 391 441 59 845 41 239 210 929 471 562 103 237 835 989 89 83 782 736 659 451 856 854 669 704 793 375 642 798 765 651 242 763 751 474 196 704 410 441 712 900 704 487 248 938 625 206 669 735 353 152 90 862 509 846 417 225 980 564 94 49 432 68 428 145 803
501 81 64 772 984 980 145 755 656 774 196 600 931 784 779 630 138 512 646 777 596 608 749 434 636 684 121 486 958 338 660 684 97 818 364 673 824 289 335 824 338 16 184 242 295 326 363 705 292 203 436 626 806 595 74 613 467 638 547 873 159 390 705 56 13 482 475 517 872 382 349 565 328 404 762 188 561 65 208 628 198 715 387 933 257 334 551 339 588 266 890 923 257 940 509 229 41 449 212 825
947 22 247 629 366 413 848 54 810 212 824 324 164 454 99 696 9 484 989 249 163 664 136 549 265 944 876 628 788 931 572 618 803 648 642 979 763 784 246 524 827 745 768 200 15 772 707 959 987 957 350 119 470 354 39 507 762 756 595 291 354 257 488 933 268 709 665 973 527 323 507 78 865 168 112 495 801 581 30 123 277 273 548 385 277 842 390 435 183 547 59 523 159 907 141 913 215 797 621 537
1 647 496 463 596 582 963 394 933 304 39 46 676 885 738 550 398 689 789 556 330 522 4 662 53 283 559 123 32 222 621 175 68 286 676 80 930 563 921 490 722 318 789 380 851 91 800 547 542 379 559 845 270 549 441 626 24 10 308 278 635 235 232 677 177 347 853 981 271 221 261 405 171 386 176 765 678 758 892 321 647 238 569 263 831 204 795 483 600 965 553 194 266 465 535 748 105 378 897 567
557 205 936 374 866 507 259 725 296 235 396 720 974 218 334 989 873 754 258 442 62 617 448 767 452 378 530 881 834 104 980 697 344 571 609 53 969 10 99 131 235 27 914 846 360 261 22 17 82 402 705 214 804 703 27 492 303 358 785 522 243 132 944 771 539 705 935 157 697 744 142 644 639 101 401 817 412 623 135 446 160 798 678 979 996 203 609 461 484 166 442 258 379 759 436 667 230 450 893 218
983 270 228 585 359 494 464 95 989 847 321 307 58 943 551 560 286 994 829 59 628 498 615 521 162 893 835 422 650 22 861 205 602 404 887 413 660 946 98 427 944 698 170 357 775 282 846 577 587 531 123 913 878 535 62 930 351 864 513 306 604 567 597 474 661 743 344 528 648 589 871 11 775 820 222 203 125 134 643 828 375 2 841 599 626 675 104 933 402 571 876 27 339 123 621 25 78 930 741 8
394 214 954 828 978 654 640 948 366 753 295 396 742 891 563 467 619 317 507 377 544 286 653 642 217 318 293 681 108 986 678 210 154 519 366 121 413 885 406 650 880 966 91 392 438 309 457 917 889 69 922 453 549 90 213 36 5 374 913 667 504 144 360 439 137 527 440 953 967 102 426 740 473 129 530 711 46 373 510 539 349 634 737 671 433 70 893 913 555 861 969 153 226 913 60 428 905 776 358 861
76 550 989 931 299 437 382 356 76 940 30 346 815 551 279 413 863 751 650 413 231 209 716 342 883 389 639 880 786 611 56 941 254 782 671 611 592 9 903 860 331 643 739 94 717 644 951 291 2 960 54 458 504 133 286 956 573 832 96 802 997 908 437 895 156 874 232 124 192 546 148 329 57 580 877 903 376 472 14 410 864 198 662 131 137 893 594 922 983 227 778 930 304 922 91 809 575 769 473 536
208 940 587 75 432 990 373 772 974 705 182 266 538 411 969 541 301 457 314 747 583 440 537 387 651 332 802 977 823 234 312 582 669 212 282 5 836 288 336 70 323 362 762 76 181 430 131 40 150 273 27 86 929 191 100 751 298 490 634 917 124 986 695 116 337 712 827 904 153 13 989 449 549 350 611 150 87 200 267 225 598 30 149 542 823 550 610 185 701 21 565 181 615 400 315 670 502 804 854 484
787 571 859 968 660 569 263 695 297 442 826 822 589 938 628 975 278 641 760 930 394 150 870 863 211 868 261 474 15 951 297 255 323 524 931 44 108 534 858 866 237 428 308 446 634 300 351 877 197 545 168 144 875 633 188 855 153 425 927 793 451 771 767 923 805 158 530 675 690 488 632 738 859 4 599 324 441 330 942 495 58 280 847 18 134 711 345 272 108 478 605 697 136 21 515 597 456 238 869 88
978 906 214 664 663 443 652 571 453 990 26 631 47 186 939 201 197 430 710 445 883 667 449 146 846 8 449 780 693 237 383 2 99 361 875 644 405 847 165 124 625 925 744 886 542 868 872 692 895 474 389 997 575 569 818 341 83 731 545 350 973 41 685 737 444 477 748 437 457 374 240 167 461 876 966 65 682 195 826 978 322 20 472 324 520 631 33 919 410 350 244 749 546 76 835 779 32 631 269 630
897 311 876 475 185 451 113 55 955 720 434 381 569 395 738 210 253 693 721 4 835 114 897 733 954 820 451 722 513 640 385 733 623 629 704 85 684 357 537 925 953 342 761 55 866 173 204 280 46 993 87 311 73 172 624 861 666 365 427 365 841 466 679 89 241 209 784 225 36 495 893 439 751 354 28 328 862 14 405 719 936 281 804 43 106 565 309 801 878 936 733 158 550 189 753 221 110 639 649 819
133 341 355 418 167 880 627 82 158 272 988 933 484 806 48 562 254 139 6 483 510 312 54 916 287 284 891 931 40 854 183 722 838 657 78 865 877 170 609 838 891 493 825 832 22 522 132 58 242 356 939 473 277 516 142 275 441 263 831 138 797 267 927 571 51 979 840 249 546 518 672 97 684 551 251 893 333 501 906 520 791 836 805 482 390 150 318 673 390 21 518 65 811 145 785 229 384 593 4 66
668 613 610 157 939 817 632 602 491 335 158 222 198 108 579 82 431 392 4 59 371 624 326 697 281 311 851 705 817 886 524 321 735 926 154 99 352 37 993 451 168 117 372 923 593 865 569 195 798 796 636 509 823 67 905 812 881 249 645 818 495 560 480 603 867 682 218 323 739 570 590 303 772 31 964 963 175 271 391 169 669 741 674 52 801 141 246 999 321 845 146 188 905 316 196 993 700 612 458 89
580 621 386 789 48 693 330 208 848 539 307 911 561 551 161 233 490 89 299 82 273 760 788 878 23 553 288 721 534 710 927 17 78 770 867 604 595 689 987 764 874 256 26 634 411 474 56 194 402 370 668 598 937 903 91 73 861 595 826 904 706 594 108 418 721 415 353 67 241 800 767 830 35 452 524 360 778 252 354 806 129 153 222 85 175 523 871 490 48 181 644 693 211 639 756 749 431 662 518 347
312 968 707 550 184 75 746 616 798 422 607 386 949 427 868 26 545 888 316 32 496 34 244 73 361 811 875 431 368 57 707 177 241 15 994 90 607 249 76 289 195 341 746 562 428 257 792 457 813 410 341 956 45 582 919 745 980 715 40 170 945 158 606 495 132 882 766 790 311 1 704 701 188 945 554 12 960 795 537 56 125 883 334 678 388 464 196 997 499 867 593 637 844 877 222 436 141 119 609 531
669 364 31 614 853 354 583 775 816 865 250 996 981 955 701 468 903 183 483 228 300 732 421 469 175 595 374 910 292 350 268 526 437 671 438 93 508 434 522 884 802 683 448 296 975 640 15 687 990 963 271 312 521 417 288 618 940 276 250 112 992 492 688 127 992 585 300 417 125 296 929 462 898 828 919 83 655 697 101 597 915 465 894 663 578 99 428 675 770 941 156 601 73 306 38 61 212 331 389 135
834 164 792 204 64 543 826 152 174 14 159 243 357 780 670 603 653 853 412 883 367 46 829 654 600 261 939 771 396 838 925 203 774 663 71 426 628 417 12 519 839 225 332 826 418 902 621 123 357 500 185 714 847 567 946 835 757 675 110 257 123 302 558 756 317 342 1 26 952 170 674 123 608 704 6 646 804 645 687 800 551 76 459 575 845 97 165 256 404 277 563 564 950 601 172 396 240 983 902 148
886 519 452 249 464 252 869 732 697 938 649 372 858 159 983 494 234 297 729 901 233 577 172 136 768 894 295 708 714 310 637 542 416 738 197 201 261 478 422 981 338 230 73 226 23 500 207 284 522 623 739 729 293 337 993 584 194 926 642 417 548 629 551 627 176 836 379 730 508 451 803 452 695 843 514 688 358 4 281 630 694 324 686 541 864 219 441 250 25 287 800 925 23 93 36 245 692 659 238 854
872 678 447 947 900 190 354 634 462 539 578 665 596 161 128 600 714 407 463 636 281 374 50 518 74 55 249 811 553 298 900 812 925 757 114 357 12 382 904 109 522 384 339 355 526 340 841 340 789 382 534 482 573 67 874 854 642 753 481 706 37 48 841 890 373 568 635 297 251 815 973 206 889 5 923 948 745 235 726 531 418 777 434 722 27 822 969 348 8 54 441 891 259 738 397 588 462 662 834 269
234 650 480 23 125 748 242 222 976 473 54 357 430 271 547 977 211 695 35 548 467 789 892 936 376 304 624 595 542 686 730 346 685 528 693 579 370 698 353 476 46 356 239 573 173 132 314 645 829 165 764 704 422 284 107 488 883 906 117 578 131 749 920 775 771 174 799 493 372 730 375 335 755 333 66 432 266 709 768 928 146 126 280 710 206 341 150 547 98 489 268 444 141 444 916 20 676 221 969 4
394 772 800 131 874 505 876 284 671 416 417 253 76 596 567 866 878 472 897 335 839 686 785 277 37 898 127 186 342 84 736 616 250 157 61 585 839 791 333 284 941 212 153 903 477 59 109 694 568 749 189 117 401 684 500 152 342 772 269 40 515 146 810 142 815 101 949 954 969 130 854 666 625 954 533 262 13 911 673 581 280 234 119 859 299 430 506 808 450 143 420 250 662 438 186 771 840 596 730 418
287 803 916 589 879 98 576 410 635 921 451 87 247 215 675 356 322 522 511 87 475 953 226 114 708 927 832 145 364 761 102 489 638 574 49 361 256 35 278 763 174 972 548 17 511 350 538 762 163 300 760 791 176 753 264 771 845 94 131 130 722 404 538 816 341 88 617 105 576 284 513 781 743 603 799 128 277 359 453 230 845 862 482 912 651 119 590 720 208 890 895 41 766 810 630 625 234 598 813 615
136 162 538 95 578 580 798 273 706 813 879 31 145 854 933 550 289 808 936 491 649 546 63 791 887 792 204 773 829 220 224 466 462 97 552 20 996 472 478 116 249 738 335 945 483 818 449 978 287 398 564 329 864 744 893 913 511 403 912 176 24 969 109 280 665 558 13 89 317 425 857 780 104 275 241 500 10 510 709 741 791 452 350 298 465 335 419 531 331 845 715 552 456 703 501 905 493 159 848 267
455 130 838 256 542 257 95 593 592 649 656 986 220 111 865 485 390 559 329 633 384 453 952 180 936 660 498 812 605 803 688 200 532 957 514 831 795 216 799 279 322 252 947 587 794 253 124 687 991 900 846 947 906 84 308 106 88 434 758 155 675 908 886 64 425 277 535 645 945 672 619 361 349 259 881 371 969 381 492 540 419 957 939 141 60 378 655 792 356 810 381 363 505 258 887 452 40 32 145 570
617 561 375 12 249 87 134 345 342 87 623 61 604 973 927 561 510 624 36 755 948 599 560 314 272 363 383 844 68 185 263 472 28 545 640 579 227 500 386 196 620 781 205 432 688 897 111 476 458 434 678 441 446 635 307 806 381 367 873 208 430 402 707 231 859 2 325 98 511 250 195 937 798 431 413 706 569 196 956 683 36 334 829 304 457 852 867 234 935 326 493 656 550 324 628 12 108 767 361 5
615 335 393 365 129 752 913 518 534 585 893 596 662 462 396 110 459 439 115 561 342 35 861 666 80 367 139 507 50 204 524 486 590 510 489 371 738 262 776 826 785 479 158 295 829 337 656 389 227 84 371 563 842 366 642 518 829 599 937 203 40 135 281 72 382 762 371 115 579 128 63 331 322 492 319 642 736 827 358 27 137 750 317 227 336 774 454 706 277 872 661 400 578 724 712 599 833 765 5 611
959 442 102 918 220 688 766 450 776 394 680 537 361 695 340 501 667 245 407 996 647 58 541 172 579 722 899 316 512 56 211 319 325 303 884 22 84 39 645 463 422 554 418 92 801 487 996 569 953 479 670 233 386 243 564 292 867 614 330 51 575 810 980 3 73 77 13 175 750 755 391 685 135 936 193 637 905 195 793 478 263 445 449 904 407 529 305 896 844 744 837 161 517 161 678 435 96 1000 162 681
413 146 382 105 800 740 651 804 282 633 505 228 467 941 917 946 21 205 354 404 846 260 398 348 642 233 927 443 734 505 907 873 424 3 499 887 31 459 371 14 760 713 951 824 25 747 463 701 835 376 957 648 456 950 318 442 983 162 255 731 297 49 780 828 18 524 749 632 586 981 12 146 935 862 217 318 317 560 693 991 407 8 389 634 736 754 509 747 695 580 577 269 773 439 926 925 919 412 690 178
973 481 991 144 298 816 290 174 143 720 625 183 848 405 741 476 714 142 713 449 202 920 697 261 699 894 899 326 856 251 244 194 557 110 289 337 990 448 529 24 854 508 108 289 666 177 488 213 198 167 879 197 464 595 199 816 787 351 568 580 685 333 0 714 537 715 629 808 720 458 184 656 102 554 238 811 987 317 577 446 958 997 687 731 44 837 421 783 156 309 748 333 389 593 330 808 330 634 85 697
208 973 327 654 629 498 370 693 316 621 284 740 376 323 391 298 584 44 145 98 510 651 3 955 6 384 83 870 147 966 1000 571 553 510 741 369 877 920 893 606 820 967 478 343 19 904 636 400 526 807 163 836 440 960 423 281 273 719 878 801 768 967 540 613 687 804 528 267 262 639 333 676 849 14 641 18 450 860 715 639 230 51 612 25 876 863 853 443 793 788 827 547 664 296 534 146 434 473 787 505
914 792 328 518 117 212 581 921 418 1000 671 506 583 215 571 491 697 294 451 54 917 956 160 522 687 849 466 731 203 621 955 96 483 239 910 937 422 759 673 578 165 288 934 327 284 327 359 973 327 964 717 604 46 766 47 556 528 557 679 697 448 191 887 169 12 19 81 99 805 492 889 887 260 269 222 281 617 776 480 629 656 291 525 699 555 898 446 487 197 70 108 871 354 939 552 665 47 971 532 28
77 342 251 282 703 78 637 343 120 916 261 687 754 861 862 339 747 514 60 518 517 114 479 257 396 320 858 106 655 290 143 53 807 793 184 500 469 414 695 83 991 392 526 702 33 693 490 591 841 323 524 840 770 118 92 151 953 76 127 285 54 678 107 575 647 140 116 314 732 886 17 914 760 797 506 798 797 296 782 359 737 265 104 847 464 340 77 831 405 809 517 319 242 346 376 867 306 662 832 489
348 363 338 431 474 921 857 767 757 239 333 875 34 922 812 554 466 816 686 820 158 480 448 408 537 885 100 498 766 239 913 147 724 661 256 520 690 937 299 205 204 157 115 901 100 686 267 769 798 434 73 514 737 666 831 563 889 109 332 716 745 86 933 45 412 434 602 618 658 875 904 927 742 375 253 404 584 60 800 56 172 576 41 287 967 913 381 728 792 583 404 526 217 705 142 513 924 410 14 48
789 352 150 596 218 135 130 891 64 622 927 395 972 830 935 816 859 980 648 498 270 288 345 115 993 661 429 284 965 620 761 835 316 99 867 136 437 183 417 956 852 44 996 101 290 332 992 191 790 560 142 231 263 438 503 823 193 557 982 391 433 389 354 263 683 3 871 133 470 355 24 663 216 338 897 655 225 107 750 13 786 72 315 893 809 109 288 981 124 931 803 3 846 214 898 625 138 18 398 39
754 146 473 534 88 348 76 97 192 739 309 202 249 368 44 460 344 505 429 93 871 718 456 199 963 541 147 559 446 878 634 821 828 186 329 883 18 274 791 208 932 476 868 242 241 753 563 379 124 319 968 643 365 101 176 682 167 945 446 167 634 317 177 447 363 790 804 914 389 650 898 67 623 398 105 932 537 66 445 476 649 204 222 996 655 238 860 249 208 700 767 524 566 244 679 511 662 866 295 424
36 515 559 710 681 984 258 698 911 931 657 951 1000 589 31 857 164 840 11 775 212 128 400 954 848 797 507 645 423 594 13 787 741 47 956 339 446 905 627 509 663 209 727 345 873 877 353 705 390 158 193 852 375 570 275 153 28 897 114 567 250 698 452 836 437 459 764 775 540 539 471 881 67 406 369 284 292 845 830 347 222 209 981 797 86 658 866 465 895 213 353 263 244 174 108 908 285 111 557 524
203 156 738 413 282 808 86 742 699 299 25 934 139 418 247 548 644 462 720 711 444 416 951 98 346 763 363 603 616 374 898 637 59 753 152 642 54 637 668 150 817 825 549 109 30 557 816 226 632 237 883 768 668 593 407 426 4 38 683 260 137 323 274 120 942 936 559 890 245 594 671 34 189 19 684 511 687 271 201 676 57 734 402 21 744 716 435 702 806 175 738 913 227 220 500 581 923 633 62 274
609 687 285 104 32 774 152 360 505 56 32 974 682 661 508 721 835 683 657 924 592 922 322 876 109 41 500 264 2 61 181 176 886 596 522 188 995 780 614 384 408 499 176 213 932 377 404 114 142 386 311 788 165 111 183 761 349 742 12 893 485 205 912 23 265 216 120 839 75 19 747 369 297 370 930 206 515 760 33 590 245 205 300 131 622 696 260 13 380 579 678 874 383 202 386 839 961 390 244 794
63 936 840 359 163 360 291 44 658 920 319 809 468 151 239 303 577 228 158 736 593 203 976 0 895 361 538 717 904 131 959 25 679 818 674 869 207 578 540 287 119 831 600 931 921 54 468 888 574 171 623 587 441 532 849 622 606 109 891 836 862 588 420 572 767 422 885 111 842 261 132 407 97 1000 315 436 498 686 897 525 837 365 115 725 500 806 877 887 233 704 966 111 543 567 477 733 356 776 29 425
168 216 330 366 635 643 337 592 307 640 289 471 819 308 3 424 542 252 963 20 621 890 300 947 397 727 739 560 529 9 652 845 725 177 967 629 642 210 946 663 440 531 317 247 791 593 66 614 494 34 666 598 651 481 738 683 812 235 745 897 784 991 296 628 604 978 144 616 702 424 989 761 651 92 84 797 225 403 96 925 478 22 506 221 207 165 124 745 464 49 396 157 270 741 510 284 111 168 605 35
901 278 444 288 898 138 76 346 214 837 496 252 47 913 211 356 114 964 893 682 440 636 379 579 835 801 633 440 705 759 364 600 435 480 724 878 411 47 33 626 552 76 743 163 887 130 187 33 961 804 194 185 681 861 171 148 26 99 466 284 838 22 224 605 914 448 218 796 561 167 266 435 457 464 893 560 434 590 159 383 919 615 973 719 320 893 362 422 527 354 402 328 735 176 283 314 784 788 146 937
483 454 294 377 452 237 938 186 993 884 258 611 990 595 44 596 152 119 453 476 151 651 733 885 238 688 265 1000 122 307 952 46 413 646 360 297 28 289 556 600 500 455 566 848 69 824 484 457 425 381 758 140 690 442 448 975 178 482 628 167 533 216 225 646 39 5 693 26 840 388 173 406 593 239 632 852 668 167 34 396 802 947 451 402 630 715 5 918 132 597 471 500 399 724 873 937 642 43 842 396
5 264 933 630 906 798 377 728 172 47 519 521 541 651 757 193 215 877 168 670 233 245 751 426 427 646 959 789 771 738 228 726 217 360 52 905 68 703 241 367 769 354 333 36 286 880 504 66 919 464 717 115 668 10 653 93 252 212 265 954 648 549 32 362 413 730 735 475 340 705 892 754 566 331 423 714 472 439 13 877 946 847 880 347 108 797 679 509 371 499 299 925 860 837 884 928 308 266 647 731
857 418 614 954 9 478 306 38 175 105 192 828 607 112 324 937 784 24 184 694 530 901 842 156 970 436 338 79 364 632 851 896 840 795 429 835 90 104 675 776 123 383 928 667 484 617 867 800 860 485 118 848 143 702 741 79 286 276 95 829 520 100 506 118 955 727 750 12 452 743 498 214 236 172 857 122 314 749 41 582 313 790 205 611 291 141 145 706 556 300 239 821 521 208 60 756 172 375 812 821
549 621 777 416 169 21 369 545 65 727 922 507 191 747 835 564 406 574 773 137 629 193 971 255 395 3 452 835 461 764 672 828 766 811 200 936 467 58 438 712 92 374 971 886 917 654 979 982 650 917 684 701 541 500 516 166 145 245 351 823 213 720 43 226 269 146 811 545 478 675 602 3 801 557 55 535 13 604 29 966 73 849 234 463 641 152 934 173 112 135 628 374 62 943 468 210 769 428 908 566
424 951 242 270 711 281 724 36 80 929 107 396 23 468 873 1 118 550 161 52 340 610 332 924 486 692 872 10 995 320 175 385 245 222 475 999 12 999 875 509 13 275 328 308 230 639 850 67 902 742 795 176 302 863 590 778 345 21 525 623 471 614 41 399 650 697 798 168 219 792 615 377 450 808 189 486 67 233 177 846 402 855 899 230 702 805 158 683 69 8 388 385 79 255 363 621 575 829 426 330
388 933 830 883 277 59 100 580 45 689 118 838 101 924 0 248 13 305 441 811 753 669 411 361 77 206 628 176 537 743 537 218 527 319 906 47 954 519 260 397 695 464 595 133 452 120 419 399 28 890 477 601 224 493 743 955 608 604 717 595 770 181 976 56 166 51 438 238 38 250 817 281 80 806 697 164 982 95 92 549 303 82 74 101 878 137 815 454 873 366 802 946 669 811 182 228 666 496 919 488
239 457 905 614 105 398 195 127 311 812 193 672 507 370 323 837 952 205 613 816 956 810 369 438 520 572 884 375 499 237 708 45 790 755 512 735 878 368 327 395 733 809 780 49 781 777 312 127 981 964 682 384 422 397 899 78 993 516 904 840 703 511 301 766 946 3 356 509 16 778 689 432 49 581 856 619 717 905 255 576 958 114 82 533 292 425 392 950 574 96 573 861 152 997 877 780 959 516 204 477
918 36 522 403 851 694 917 73 998 75 358 243 746 475 712 804 840 843 834 440 271 998 78 981 107 888 605 131 553 476 947 729 81 597 761 209 129 990 314 924 483 988 536 499 119 15 790 657 857 335 641 73 434 10 863 442 108 817 55 456 327 33 680 618 158 987 252 798 738 870 799 814 804 114 113 436 246 577 368 532 984 295 236 318 676 870 573 665 992 53 990 927 800 879 242 821 327 161 794 530
919 69 874 50 555 875 979 787 142 871 684 591 436 272 515 30 702 508 24 573 741 885 362 526 22 113 388 333 818 661 557 631 207 439 153 759 347 410 690 212 695 893 800 366 508 285 34 382 282 512 366 999 162 958 725 241 507 724 554 415 654 568 472 913 920 503 720 201 29 756 224 779 481 441 576 780 435 235 95 851 336 881 290 46 704 519 187 977 739 786 376 694 841 163 424 761 685 684 447 444
72 958 174 330 633 948 223 311 856 387 504 171 745 119 730 862 922 985 742 79 123 429 501 407 182 164 216 572 987 473 613 478 736 357 296 937 952 591 902 264 837 932 130 564 191 855 963 374 813 83 518 645 443 606 935 364 570 54 246 716 50 409 48 980 207 507 321 126 979 762 281 795 866 637 225 824 911 229 456 869 615 531 102 942 273 976 639 948 580 878 70 241 144 460 113 977 132 668 539 7
381 736 229 927 334 816 833 901 899 726 348 916 240 699 770 477 315 692 982 736 64 894 535 634 438 762 113 463 186 618 399 355 639 644 684 940 155 732 859 706 124 91 338 973 101 513 266 597 400 571 29 366 972 416 494 686 150 112 410 622 496 61 38 155 696 667 135 89 592 89 432 938 777 753 605 112 332 768 760 908 354 483 989 313 735 622 324 373 183 170 929 133 585 101 405 281 949 170 829 991
500 114 234 340 297 576 468 461 838 569 712 327 291 725 753 352 961 54 715 606 290 351 373 147 429 327 802 661 105 487 311 209 443 401 292 552 281 866 352 939 740 525 255 994 41 481 484 993 573 959 77 570 776 940 988 466 751 593 92 606 388 42 518 368 269 763 131 476 751 683 378 584 283 305 399 119 422 365 617 892 979 469 723 539 421 193 485 778 64 100 960 225 816 809 976 943 291 496 494 874
917 26 564 895 849 354 484 393 343 355 120 292 757 353 411 469 867 379 867 428 34 28 724 278 800 144 528 875 116 69 92 819 379 733 402 176 214 496 283 328 645 760 100 720 393 607 753 943 576 508 23 633 439 944 952 645 455 769 96 236 417 811 425 1000 605 1000 152 851 170 736 773 220 85 322 434 276 972 431 961 257 837 492 32 855 187 295 430 352 919 309 703 229 999 342 582 87 184 875 508 317
112 361 618 69 742 658 113 498 234 674 142 744 627 695 77 209 106 18 462 524 444 664 599 474 802 189 701 789 776 609 140 748 643 414 786 546 943 225 562 958 732 638 615 318 456 696 315 338 1000 452 691 429 138 800 407 542 686 517 582 822 876 424 546 156 284 189 793 409 166 682 259 424 513 528 12 528 372 103 341 9 332 283 698 162 17 203 243 255 429 587 502 715 677 837 751 157 200 275 17 492
303 194 109 103 596 928 401 723 944 232 613 353 326 942 439 547 603 229 674 841 982 247 230 149 763 392 643 146 730 98 334 439 670 652 673 247 116 174 40 315 35 41 251 338 92 897 388 605 701 334 366 453 17 305 895 57 93 371 4 881 532 294 643 121 972 591 273 940 120 302 771 689 764 7 318 202 145 558 198 490 955 982 871 339 421 256 491 20 234 180 929 314 179 58 203 763 889 820 368 482
343 5 504 768 275 284 100 911 430 195 222 370 493 574 463 367 859 400 323 667 647 861 962 598 113 86 928 617 398 125 937 177 846 275 950 750 913 152 173 916 735 501 339 220 511 761 577 28 658 634 507 355 717 914 813 738 112 28 656 818 207 684 885 344 828 764 42 454 854 787 359 834 701 386 417 946 611 838 862 14 520 539 626 842 552 19 930 122 107 229 948 700 104 944 334 243 187 619 60 800
781 782 185 267 367 988 334 164 938 692 529 246 84 228 198 638 28 305 273 764 626 484 774 616 595 168 685 428 643 768 683 113 751 388 302 902 492 146 268 50 173 415 984 927 164 98 237 968 594 76 689 245 883 188 717 746 562 660 384 472 339 319 446 940 1000 199 67 948 442 965 99 12 238 445 463 154 301 99 872 808 227 731 360 664 55 783 859 484 35 121 964 756 833 170 851 896 67 148 562 363
786 889 541 542 720 17 677 984 212 218 608 238 51 413 892 287 22 918 846 39 712 67 30 325 770 584 527 218 669 258 439 539 304 774 844 347 754 647 786 212 101 665 142 70 879 747 98 701 650 839 503 313 347 750 297 158 919 43 945 701 873 631 747 118 560 208 321 509 735 804 536 118 785 636 703 135 752 768 75 317 727 179 399 324 845 387 496 326 495 877 580 301 99 460 144 969 742 383 904 793
926 753 418 572 418 924 717 808 533 419 355 920 60 202 287 28 314 377 807 660 810 295 561 167 36 1 915 191 638 604 537 662 518 476 137 803 28 155 971 687 691 543 175 831 605 192 333 313 362 242 28 422 128 217 793 972 334 937 932 370 775 765 443 23 838 556 514 337 187 182 223 322 801 731 736 2 565 117 233 242 183 358 834 250 754 882 432 304 70 248 566 472 215 268 161 326 292 790 186 544
350 131 981 493 345 975 896 542 371 731 767 527 522 985 810 971 296 119 921 129 854 917 937 437 929 592 913 937 189 317 540 633 963 789 165 514 710 96 785 582 785 958 964 173 521 301 720 1 342 803 838 995 150 608 781 946 443 81 983 249 350 391 785 120 435 871 187 486 133 821 630 233 396 782 290 576 583 437 769 624 834 855 154 469 170 423 671 660 823 159 260 766 510 653 908 129 753 991 538 815
199 100 490 954 815 881 527 953 190 210 281 525 625 310 298 27 676 392 97 883 245 212 650 74 468 453 57 226 426 396 535 981 37 224 893 829 411 627 618 835 215 850 877 767 276 927 716 827 588 107 650 354 975 744 951 394 609 975 421 500 503 373 669 18 971 346 694 368 863 817 634 200 716 585 164 547 273 455 921 116 955 341 760 253 94 522 752 180 732 564 562 147 18 729 576 887 211 322 763 975
525 606 811 990 384 290 779 929 160 767 811 75 496 107 465 576 784 521 341 620 317 613 437 477 988 113 991 916 136 585 661 760 983 735 699 85 935 240 924 371 790 969 177 560 838 159 437 311 667 246 775 311 102 976 756 797 490 255 231 306 692 879 685 436 18 797 531 626 66 676 104 988 356 593 305 396 599 484 329 783 319 78 986 319 23 408 543 709 618 572 241 798 990 788 498 330 866 712 860 598
451 488 609 380 822 448 98 14 493 233 78 615 849 321 714 948 775 962 186 856 851 470 822 582 513 436 851 214 105 629 187 937 214 941 636 814 529 262 977 181 818 784 610 661 12 27 409 106 572 676 258 729 563 12 113 801 422 435 260 819 593 351 171 145 749 41 543 578 904 532 826 616 32 487 647 764 791 526 812 717 142 664 943 112 360 508 298 670 599 409 303 856 671 33 508 389 243 984 226 394
243 595 660 223 666 82 80 18 668 203 572 786 24 578 655 704 487 828 562 616 359 282 787 790 12 777 291 563 189 135 4 622 928 717 766 742 22 505 575 818 584 630 367 759 156 235 608 51 724 735 105 175 152 89 654 564 823 364 42 989 302 359 718 596 956 845 550 699 583 313 997 596 243 482 477 0 585 629 294 955 614 166 471 713 232 419 463 142 22 817 72 777 577 820 127 605 55 241 103 506
71 290 339 603 705 259 840 136 9 511 160 757 472 462 504 68 206 430 949 758 738 55 893 407 603 325 90 103 913 786 67 257 533 529 102 844 168 868 65 319 382 286 767 8 1000 513 833 59 569 425 241 589 400 519 433 845 353 727 218 188 240 61 14 823 739 351 458 256 394 120 853 911 747 877 211 204 319 540 74 659 55 23 295 465 5 22 738 363 15 790 563 86 205 948 520 146 110 413 849 325
364 206 154 575 79 493 393 218 273 935 288 25 919 916 194 468 819 827 572 223 790 355 933 784 103 448 514 450 469 620 556 694 374 138 774 853 233 287 887 910 610 671 561 793 332 157 959 899 900 466 268 984 64 168 131 666 969 49 545 902 65 885 504 733 128 736 193 320 632 591 469 947 403 197 643 852 307 385 92 324 77 829 806 867 478 454 172 47 561 915 228 649 85 76 301 946 408 944 306 236
137 11 812 473 321 372 786 458 769 776 396 484 111 324 180 221 873 49 790 953 888 219 302 515 547 498 650 701 106 601 641 144 905 54 913 493 418 325 435 902 586 901 457 919 501 171 59 978 507 828 169 707 618 244 156 19 257 695 674 544 712 430 158 1000 319 514 319 453 41 598 634 493 65 826 347 236 151 897 820 370 998 960 933 814 563 496 110 959 627 664 296 151 676 849 854 89 528 0 166 232
215 399 949 951 662 47 314 413 883 886 212 321 315 487 880 380 750 791 604 613 662 66 51 34 307 787 980 971 344 954 129 59 365 226 893 3 259 605 450 86 904 921 2 311 99 403 50 695 703 484 267 492 769 712 727 614 250 882 294 389 435 780 493 748 335 675 197 988 27 80 518 475 387 766 844 950 910 163 186 410 278 501 823 237 799 444 351 218 678 227 262 954 626 421 294 240 21 386 42 981
637 802 147 549 286 10 138 888 425 398 259 347 472 379 923 759 580 772 302 593 937 48 2 245 967 806 477 204 857 389 9 65 118 608 623 718 759 221 53 58 219 94 844 964 185 627 337 300 48 152 666 830 845 266 189 875 504 300 955 801 174 854 886 661 346 965 850 431 318 614 277 978 721 971 614 232 777 5 227 931 952 539 436 218 872 227 839 231 411 349 510 889 833 649 280 979 873 969 471 500
434 969 443 994 444 621 480 321 125 914 828 202 180 343 282 655 1 329 215 223 679 497 229 852 545 973 778 712 874 305 879 647 912 959 113 290 478 611 991 689 65 532 914 218 267 150 617 220 301 43 391 274 165 699 696 31 26 94 514 480 420 19 482 318 208 661 201 144 407 589 298 71 743 752 851 574 442 365 4 688 726 358 87 692 279 668 102 691 605 69 537 540 225 931 525 116 817 333 288 10
641 729 393 252 866 970 622 778 91 392 22 129 9 160 696 668 20 309 191 596 23 114 874 589 867 718 302 247 987 515 866 100 171 943 665 423 181 803 696 393 228 588 224 461 239 672 268 650 199 566 117 422 499 568 93 463 721 487 679 276 509 443 856 282 835 895 104 339 885 176 43 365 124 642 453 316 267 163 281 473 41 161 636 190 909 649 202 134 999 112 936 438 239 255 157 76 28 33 790 244
540 405 294 636 100 546 145 842 270 737 396 246 969 481 130 771 728 550 178 96 243 496 586 285 43 367 881 87 150 786 483 284 743 687 476 702 21 356 504 281 212 831 267 243 467 200 616 248 376 527 282 507 814 897 594 603 2 181 506 44 765 330 436 274 705 918 288 828 946 488 943 923 776 240 89 255 994 33 747 813 816 396 756 266 866 189 231 187 730 305 558 251 987 597 538 849 985 357 429 299
592 189 620 222 581 741 117 716 0 311 774 955 523 259 121 85 863 133 891 277 718 333 629 114 683 69 212 369 189 759 422 386 233 759 656 694 712 3 250 867 781 295 804 159 66 841 34 970 475 511 860 420 543 617 655 289 417 253 886 460 327 78 416 774 492 60 292 807 728 861 170 931 138 899 613 898 650 549 998 585 308 866 619 322 983 851 464 889 184 906 624 347 546 975 634 280 439 768 54 742
315 779 442 39 828 470 523 182 529 283 363 444 198 520 538 299 53 722 543 335 113 3 176 650 535 158 205 196 481 808 344 510 763 199 525 754 128 318 706 107 141 163 13 203 712 173 881 808 284 477 463 851 336 877 342 886 58 78 666 680 985 800 225 136 381 277 101 345 704 924 185 55 788 217 546 924 999 101 425 872 818 650 620 896 205 550 144 740 857 236 62 87 43 222 28 286 924 915 797 908
374 596 250 492 660 160 902 139 788 565 189 447 387 89 975 759 379 713 698 906 373 836 618 458 357 265 379 743 905 669 259 347 655 910 147 802 796 282 292 196 712 476 289 369 736 938 869 345 254 968 57 527 88 311 570 913 161 275 402 274 492 562 0 134 46 606 955 838 894 464 773 98 538 517 684 201 45 358 729 810 874 450 963 676 252 412 53 754 623 671 191 889 89 990 672 2 598 355 121 261
409 504 917 557 794 915 809 912 33 733 594 250 719 938 188 525 277 838 839 146 352 567 419 496 302 335 888 555 753 858 973 788 913 911 408 159 161 45 938 376 648 677 207 827 323 464 110 92 241 394 354 215 497 918 373 670 394 914 55 707 923 252 403 510 537 659 177 456 714 522 925 528 904 864 127 553 722 121 827 163 624 699 299 620 579 108 110 185 428 331 531 796 849 704 677 105 52 769 57 361
238 201 457 476 824 271 525 91 728 12 275 707 82 889 853 426 56 504 801 888 507 251 652 536 528 210 21 475 463 320 39 178 389 260 911 549 598 914 998 970 450 257 49 256 504 244 597 589 892 549 426 668 834 771 994 355 301 409 725 606 866 825 340 607 430 802 656 584 643 923 92 706 692 366 209 955 691 160 549 146 292 327 635 270 193 867 912 236 463 283 734 259 95 52 570 711 340 473 513 446
77 740 846 618 919 778 746 368 834 316 696 871 5 994 810 279 724 556 216 902 655 549 78 411 634 424 731 319 500 240 644 314 698 649 725 921 183 805 326 341 90 370 948 330 698 97 902 451 702 400 360 96 142 337 657 285 835 641 531 491 600 102 694 742 556 738 54 846 240 987 918 314 653 574 285 873 361 886 624 21 484 107 855 444 203 175 734 147 500 264 229 238 279 484 878 413 402 643 688 478
230 881 568 678 290 545 254 480 862 262 970 47 764 297 327 29 329 418 368 846 297 228 951 867 979 46 109 511 102 205 161 178 701 683 817 829 0 387 729 164 303 551 456 863 130 62 141 386 40 341 92 26 393 298 912 337 452 482 994 90 805 295 940 90 126 754 330 651 910 354 392 987 375 396 3 115 869 583 562 918 947 28 419 329 919 452 583 927 502 19 930 842 586 752 614 84 307 541 555 589
121 673 665 798 358 161 934 305 232 543 640 472 688 807 471 119 250 226 371 85 673 243 928 152 381 903 181 638 420 301 241 970 902 22 491 498 342 523 212 832 246 799 119 917 840 275 354 480 763 285 711 427 766 142 618 416 816 961 964 145 939 448 21 411 182 463 112 729 259 891 190 603 138 412 263 763 922 711 872 528 544 946 660 525 888 96 205 946 211 614 401 794 206 506 172 640 644 948 298 934
63 938 835 171 303 309 512 191 43 373 229 683 657 85 66 159 219 24 451 513 190 264 462 601 51 721 848 195 879 903 527 286 3 29 905 33 980 468 178 658 7 434 160 952 970 640 484 371 465 680 218 189 622 524 395 684 576 444 934 959 437 916 514 943 698 777 238 228 376 714 371 523 462 940 862 923 542 216 481 961 738 129 212 121 994 382 792 742 367 356 897 830 825 826 762 674 338 846 227 647
888 375 361 718 614 496 613 634 748 549 393 249 882 596 741 838 684 853 73 367 901 657 54 79 579 347 185 689 722 76 295 637 701 66 755 815 987 659 650 225 999 389 647 690 305 251 181 23 26 733 818 917 352 723 521 974 241 362 345 746 802 306 981 770 8 721 205 917 508 127 492 85 224 985 583 952 943 318 744 372 600 260 594 718 221 361 641 97 948 883 990 533 578 566 470 216 16 602 101 474
255 42 138 535 270 919 928 244 198 864 599 521 679 18 398 85 514 893 656 875 746 594 213 351 991 159 117 835 323 634 685 235 457 766 577 943 262 12 0 892 548 306 231 515 221 40 757 743 897 460 67 696 851 708 231 48 529 872 346 619 305 953 242 597 304 387 685 615 814 357 963 217 741 447 331 288 646 869 749 358 648 240 715 937 93 154 458 114 920 366 767 488 207 683 571 66 939 164 131 709
755 474 781 141 588 73 423 674 896 424 976 487 396 116 230 213 217 920 969 93 457 786 352 196 3 25 201 598 178 549 703 14 153 292 557 694 724 156 663 183 536 513 95 633 630 595 759 291 965 42 15 34 94 468 819 871 265 529 349 573 907 975 216 789 665 645 732 728 763 675 807 591 852 518 334 780 158 151 695 218 145 551 673 640 311 342 667 136 54 768 424 127 963 264 358 681 284 914 311 517
493 89 506 643 668 122 923 165 181 780 495 227 564 773 662 235 367 927 605 667 947 887 446 184 672 594 699 55 565 222 144 823 55 479 209 438 327 63 728 189 702 796 614 228 826 308 941 82 97 275 60 105 333 984 162 776 752 614 357 250 136 197 922 487 355 877 325 860 487 311 502 148 981 482 797 151 430 504 101 695 373 521 755 983 572 110 241 403 687 743 382 813 557 777 299 43 12 357 862 157
795 860 720 454 48 746 291 220 832 599 187 261 992 302 139 875 278 733 432 846 704 7 568 613 150 172 675 615 769 572 28 458 368 785 787 60 308 709 140 406 686 580 303 301 196 498 595 402 103 701 718 660 352 908 128 823 121 578 308 323 583 253 32 83 973 353 429 180 529 347 1 767 613 62 834 870 786 314 949 220 638 497 795 859 357 114 993 579 112 997 44 18 29 305 354 951 793 28 368 982
2 117 261 316 509 817 496 944 896 9 675 455 684 573 521 788 385 308 227 912 396 511 627 927 910 845 315 35 578 96 540 597 950 90 439 255 302 990 418 9 309 824 793 447 976 343 453 302 285 389 829 976 265 741 293 394 793 702 229 83 209 577 463 800 768 870 205 87 499 866 706 396 458 334 776 970 21 821 599 848 873 801 889 405 305 207 342 474 360 281 114 50 428 994 54 976 921 990 510 187
166 745 142 493 862 837 691 725 248 982 11 395 732 949 581 877 483 450 754 452 706 467 541 822 56 186 138 90 424 785 739 366 475 872 93 162 878 26 31 788 727 380 5 253 633 488 311 886 181 406 868 600 199 339 913 179 145 770 647 22 381 695 877 890 222 717 863 213 430 526 877 403 505 890 888 522 278 92 894 263 129 996 567 320 382 762 153 902 534 373 868 416 21 947 638 794 916 13 766 206
581 643 798 425 833 368 159 255 112 395 825 523 823 159 219 163 797 499 372 496 203 792 121 691 399 886 763 320 983 522 448 555 171 76 107 30 998 79 782 291 945 722 203 414 150 225 113 972 335 562 353 281 87 434 748 880 773 12 945 717 771 704 890 652 281 346 934 460 353 277 586 147 767 1 814 988 582 198 39 62 212 419 825 669 168 379 237 586 542 57 649 560 994 735 232 678 785 439 772 962
110 753 621 816 704 773 724 27 703 242 838 470 728 881 576 153 92 897 215 124 416 210 554 39 270 591 344 665 245 240 893 593 722 475 311 354 321 754 315 774 960 436 546 291 627 307 976 740 370 857 938 146 448 766 167 939 184 393 980 699 221 642 659 85 623 986 180 785 425 955 870 764 408 127 973 98 763 659 932 699 810 939 268 48 752 20 479 18 816 291 376 924 760 59 329 567 430 861 613 274
856 378 719 738 158 185 331 214 495 245 727 380 826 636 468 820 186 113 91 891 34 43 350 136 213 537 227 35 795 468 259 490 234 486 402 980 893 749 72 836 44 77 610 800 220 990 171 26 927 803 599 576 188 862 714 733 718 660 482 74 246 348 951 356 531 620 733 28 143 427 706 475 481 93 714 675 451 804 75 334 151 669 311 481 463 784 540 314 755 116 287 3 403 340 382 841 302 675 836 970
746 850 651 17 364 51 415 15 136 758 143 470 742 81 216 87 805 683 373 645 999 622 632 448 456 471 873 469 277 942 27 475 724 880 862 874 936 825 812 610 296 979 282 92 651 281 364 794 365 986 836 271 238 177 660 100 431 544 201 1 600 358 598 308 358 115 865 275 904 623 164 457 573 297 147 895 709 714 963 705 558 540 247 421 976 446 256 108 237 849 337 307 677 946 119 218 844 423 163 595
