25 56
144 834 979 913 546 836 29 107 118 923 774 411 452 551 572 263 913 555 413 727 419 578 848 186 912 831 461 979 563 71 955 998 368 217 382 153 452 563 279 424 773 8 767 612 733 748 314 74 912 93 595 366 266 914 313 731
722 972 945 645 303 241 895 353 951 319 263 943 458 255 349 673 136 818 243 298 762 14 85 792 799 909 317 541 131 487 986 965 712 29 413 263 412 505 718 873 335 17 334 279 661 449 903 48 703 221 657 1 580 478 953 470
753 455 454 19 568 809 284 396 709 160 826 520 589 598 279 7 813 836 257 250 336 525 612 855 682 832 44 679 178 743 75 928 616 312 668 296 393 735 681 470 972 850 774 641 102 38 129 352 806 640 249 98 101 824 428 928
94 891 711 786 637 667 338 952 437 71 905 344 833 893 735 989 121 945 381 97 150 96 242 613 439 583 896 980 857 716 307 902 605 60 159 891 68 606 824 515 524 787 871 727 16 774 365 515 334 317 925 977 448 0 448 674
143 951 211 249 955 546 839 369 711 876 799 907 993 723 870 896 54 346 526 54 731 618 825 520 24 237 849 204 449 137 547 604 857 303 461 453 753 897 266 974 856 3 762 60 87 139 247 9 686 757 416 169 369 473 812 860
91 203 439 474 205 880 149 893 264 688 58 164 323 889 486 412 514 399 275 935 743 708 470 854 252 730 392 162 140 728 198 372 719 484 102 227 6 11 675 485 841 383 15 517 686 847 127 759 518 987 442 569 460 163 849 31
307 551 565 330 856 210 358 644 924 666 87 475 960 926 817 984 509 933 233 515 199 195 776 285 41 588 336 552 832 972 437 210 678 810 181 275 592 445 180 61 308 57 645 585 591 837 263 923 837 249 475 426 644 74 866 83
273 242 754 619 811 327 411 759 958 550 434 489 554 645 537 648 522 20 873 545 220 900 566 312 397 948 602 943 293 190 212 740 300 310 440 252 339 692 196 158 445 210 336 463 122 383 676 640 758 852 304 96 906 792 105 183
74 335 547 192 299 717 575 151 161 261 23 262 111 870 485 199 424 295 377 44 4 620 735 850 409 600 19 281 779 376 469 62 340 968 394 65 680 477 245 669 914 35 202 817 625 452 617 275 499 215 949 482 43 962 899 382
932 350 520 158 475 205 652 860 118 461 123 6 319 343 910 283 510 312 815 669 974 75 925 903 502 173 227 250 688 787 429 766 860 137 790 702 502 415 373 376 313 26 244 579 327 155 607 521 3 656 521 784 76 770 987 512
544 519 838 26 327 783 972 572 107 234 369 649 632 774 91 291 829 652 379 876 575 76 958 165 852 417 757 385 212 49 535 845 150 611 590 532 975 729 862 306 110 711 698 514 990 324 866 321 963 833 597 103 975 320 863 141
183 436 769 392 959 515 417 67 179 310 826 419 987 824 577 177 556 58 764 641 554 598 553 761 514 597 459 682 461 620 280 679 145 961 536 515 529 781 69 672 668 362 556 836 444 51 188 510 513 202 21 730 208 798 692 669
809 437 284 994 813 530 356 732 68 986 695 963 215 219 42 147 369 866 733 160 781 792 398 655 592 701 704 6 651 694 489 67 744 4 276 193 473 87 256 442 22 109 642 64 603 829 413 906 695 479 456 334 991 662 760 551
895 926 940 949 168 662 735 531 205 30 11 719 514 226 911 72 573 816 835 931 958 575 647 685 419 795 879 466 580 405 617 848 229 744 560 739 203 876 29 565 511 527 812 505 302 943 206 863 612 42 448 893 319 335 807 179
860 444 105 622 297 700 529 156 105 480 650 576 232 962 731 223 694 621 547 276 454 659 483 94 328 707 501 451 559 108 191 636 293 235 711 446 541 838 745 703 83 532 859 92 596 732 516 514 958 957 922 830 112 747 335 318
628 221 176 288 941 3 39 975 379 296 794 648 855 49 692 551 128 220 446 24 872 69 263 749 805 128 669 351 512 461 469 261 689 726 353 273 915 770 425 95 742 41 980 320 862 288 423 569 14 18 721 372 351 659 330 728
840 763 6 550 938 36 947 811 594 851 758 904 248 409 977 181 176 224 535 61 145 280 250 483 875 266 824 566 137 477 157 198 192 838 435 739 829 736 270 217 617 896 296 434 698 616 258 506 88 38 837 752 945 201 334 755
969 735 117 149 274 999 955 691 882 989 208 537 110 64 993 375 228 296 714 513 565 536 899 442 561 686 351 616 260 452 982 705 906 819 713 830 948 750 859 386 419 645 128 254 834 778 928 707 357 365 587 360 150 455 768 691
581 600 91 458 927 373 228 983 228 341 907 591 338 674 338 365 87 630 169 907 502 899 369 123 53 391 403 386 666 390 120 624 264 320 687 355 174 288 51 389 70 81 664 186 714 611 683 25 415 738 907 930 703 462 291 139
30 88 752 398 495 619 721 386 639 683 913 837 923 257 920 864 791 133 174 978 529 340 972 155 772 764 903 188 350 487 622 885 704 633 444 817 577 830 552 491 966 290 154 484 966 229 383 909 1000 215 693 641 93 916 345 900
174 999 218 242 617 600 810 904 465 988 291 697 953 1 884 186 679 459 865 666 167 989 535 503 698 821 741 347 95 629 311 557 576 388 565 65 793 54 777 91 0 332 879 134 784 808 234 470 26 737 405 157 795 41 426 576
354 315 929 62 533 577 123 955 65 459 64 305 131 926 785 160 393 402 69 965 163 191 697 928 651 604 832 573 101 526 742 684 26 494 104 622 103 69 250 277 651 396 935 864 85 318 201 190 721 413 676 359 181 744 224 479
391 891 110 440 732 890 743 482 329 374 228 686 792 834 477 479 608 855 251 628 449 684 524 922 677 98 550 884 817 218 904 784 874 149 448 267 904 385 697 75 609 250 29 407 527 180 548 38 209 262 645 213 442 975 968 73
209 652 51 604 58 989 42 392 330 135 674 248 196 406 487 936 891 802 61 732 260 886 672 881 80 377 286 6 468 321 544 389 40 255 341 572 295 466 528 186 426 75 559 789 809 82 497 641 869 625 31 584 959 689 435 235
250 787 133 70 947 828 874 15 684 868 507 748 828 803 480 552 874 819 674 532 564 513 669 386 673 681 577 445 787 2 693 495 763 313 379 898 374 677 325 326 452 863 898 223 4 774 105 696 347 554 944 963 862 395 980 864
