100 100
476 249 673 243 52 494 573 382 90 794 672 464 242 503 631 932 637 518 47 429 676 152 784 556 507 353 483 508 764 750 705 507 306 734 379 930 136 998 639 534 125 272 550 125 163 530 453 86 486 679 319 646 778 751 672 912 990 487 683 115 763 401 13 548 577 447 223 232 5 734 406 210 513 712 393 708 962 913 554 121 82 955 908 452 15 448 154 96 663 702 860 438 221 12 756 203 154 269 640 613
269 706 778 776 711 215 168 930 661 537 411 484 582 951 858 348 55 858 873 237 894 313 236 728 357 287 216 94 812 675 97 493 462 648 225 428 565 810 731 489 46 846 878 938 338 382 887 822 235 443 591 418 746 437 960 18 963 117 565 794 536 445 548 410 199 462 704 934 309 780 388 454 442 894 842 953 446 675 499 503 625 787 597 522 724 228 487 735 986 958 752 814 670 471 759 590 246 309 779 35
318 823 542 489 66 800 623 902 646 380 38 208 639 385 121 307 914 606 231 212 452 546 651 53 630 828 807 694 290 71 507 344 94 534 32 688 721 478 618 899 717 908 933 664 484 384 134 588 392 968 892 914 152 728 472 629 902 218 995 800 404 759 282 67 701 334 712 335 400 770 998 889 176 423 860 51 533 480 815 477 197 674 414 943 907 768 431 515 860 477 239 183 811 857 505 842 245 886 260 670
555 230 337 457 1 864 814 989 999 541 910 872 186 849 858 101 600 246 616 191 621 447 724 713 728 907 846 927 612 863 231 8 130 942 619 514 960 43 9 568 861 278 600 721 362 99 148 932 788 39 422 267 891 983 418 211 49 94 252 902 934 688 251 739 397 594 609 928 657 695 691 531 64 670 742 134 937 629 480 461 3 660 392 872 59 331 76 98 205 711 932 192 902 450 84 753 113 425 13 249
879 999 230 947 599 269 463 362 730 726 771 396 788 696 965 713 70 565 423 258 675 923 917 150 147 576 756 732 850 840 374 180 509 141 987 115 8 266 420 380 346 569 619 944 335 739 214 975 450 462 972 485 77 707 934 902 230 210 167 501 725 480 67 877 512 425 529 202 934 358 728 249 572 812 913 667 483 729 823 284 201 132 942 65 843 100 830 137 149 655 73 381 610 898 186 324 241 10 310 18
73 754 328 275 212 375 415 790 20 956 817 119 622 948 972 186 606 99 787 895 72 379 549 388 151 781 987 300 288 844 940 147 498 683 413 676 704 580 766 726 471 920 131 902 823 671 319 701 184 763 467 909 523 607 445 816 757 523 231 263 814 59 50 371 306 892 578 527 466 720 143 915 695 189 758 802 267 158 728 198 905 326 623 97 333 90 567 980 46 527 843 28 638 246 153 14 552 737 287 419
333 828 810 179 406 222 987 211 80 435 523 212 159 938 789 92 682 360 971 308 50 140 463 5 157 767 124 629 698 911 164 105 16 324 87 564 306 635 599 842 67 878 800 671 190 345 339 623 787 958 506 209 630 983 85 426 207 592 445 42 173 86 544 13 896 539 758 275 390 510 31 147 638 464 47 26 797 129 646 552 936 518 21 481 811 512 495 572 123 122 363 537 422 824 89 438 983 168 59 522
840 658 871 725 66 6 605 884 786 728 5 69 276 690 515 972 971 595 941 359 757 723 850 640 257 599 121 800 836 325 74 56 483 122 18 842 156 678 38 79 40 805 787 218 725 36 19 793 436 668 335 475 373 32 468 277 461 192 61 33 904 907 724 142 427 556 917 423 645 543 73 597 25 243 395 538 875 858 851 830 927 908 927 233 451 673 111 878 490 699 513 701 831 230 745 111 762 373 686 586
431 859 762 192 832 241 775 415 572 678 219 229 358 912 624 182 627 759 257 467 897 354 75 364 9 215 282 291 309 227 970 982 242 602 951 421 840 324 356 728 929 121 134 165 860 617 488 311 136 422 582 927 864 414 480 113 650 46 936 203 887 439 803 831 775 534 128 708 307 50 900 433 861 41 754 755 677 267 442 381 944 556 353 662 645 418 570 495 553 796 327 322 343 331 181 922 703 717 824 638
293 75 214 449 495 66 277 574 225 141 213 946 681 405 58 977 261 283 282 263 875 342 741 800 577 236 595 858 924 47 340 348 699 297 702 719 84 816 968 942 203 604 520 421 961 391 812 309 657 468 183 554 351 190 378 293 759 207 782 330 910 10 949 156 376 524 153 325 477 498 489 665 239 223 296 542 584 164 96 932 328 205 297 652 660 425 664 291 261 747 13 260 912 966 858 147 562 507 365 482
872 245 771 313 203 556 466 627 961 495 642 683 262 332 945 313 582 563 575 11 397 161 726 807 491 298 677 814 304 526 646 673 597 352 472 712 454 42 509 702 958 726 207 926 805 347 808 469 200 169 847 939 535 677 231 782 375 151 631 288 985 472 504 16 787 657 907 63 878 801 894 581 512 109 538 468 4 765 239 494 961 359 584 491 680 814 548 486 257 354 359 256 992 564 852 812 832 665 493 884
55 12 231 184 282 723 416 530 645 763 950 815 954 444 469 389 480 843 612 784 517 775 609 428 494 415 468 831 746 565 598 107 877 429 741 907 834 886 794 547 521 57 227 53 905 166 279 158 619 160 77 593 987 613 827 178 964 185 204 406 772 644 424 879 834 147 751 200 854 379 239 252 186 142 416 333 506 548 62 638 44 151 876 860 14 156 193 595 117 637 530 200 740 872 595 399 778 221 376 312
906 97 566 806 153 302 823 884 791 916 38 9 938 596 58 399 17 212 380 360 534 336 886 458 735 27 971 785 636 531 665 291 385 403 225 205 740 208 731 977 469 718 370 766 305 142 162 383 445 944 67 213 913 531 789 78 233 505 593 449 920 26 318 230 910 647 260 766 436 305 94 158 901 203 204 184 2 751 256 841 882 302 422 651 321 265 334 348 524 73 558 636 869 154 186 17 534 817 637 625
295 381 931 339 811 344 654 132 141 953 348 114 975 787 953 86 778 2 447 795 760 948 645 488 98 500 187 393 948 53 703 95 402 550 789 36 37 406 673 137 405 218 694 255 809 793 917 884 891 248 947 604 379 525 788 875 873 466 773 751 807 76 838 283 878 952 689 715 766 840 254 886 343 872 951 829 695 676 588 791 382 396 561 883 999 788 837 451 252 166 643 314 261 536 927 844 993 334 974 173
40 402 441 434 359 381 910 451 826 886 315 152 736 481 525 929 897 157 328 161 816 503 39 829 547 679 196 402 485 274 707 902 770 874 740 616 59 920 606 389 468 467 263 52 432 695 535 797 211 781 302 293 7 927 425 334 173 303 565 874 522 964 6 97 74 218 346 82 128 905 31 610 967 49 717 639 147 269 37 49 583 498 367 586 529 221 952 122 541 123 253 146 671 28 746 720 672 706 699 788
204 788 506 597 39 127 401 913 764 980 652 414 409 250 817 271 891 517 900 253 698 105 555 726 855 903 879 971 681 665 225 481 646 103 509 507 50 874 955 222 584 387 841 527 789 763 583 867 393 397 177 871 69 603 157 840 802 23 551 974 608 19 39 474 844 953 412 806 413 275 108 401 902 93 724 142 11 615 201 583 579 619 800 914 93 601 855 345 97 257 338 958 81 1 355 283 341 214 958 17
276 412 119 975 534 418 449 277 108 423 129 32 183 946 666 180 832 25 675 848 557 296 978 571 746 725 557 395 590 609 105 782 506 966 742 96 856 948 154 272 785 866 768 251 415 407 688 607 245 515 58 415 2 466 151 828 141 555 144 816 53 910 184 426 546 117 209 785 277 269 893 10 678 984 458 844 874 455 470 548 915 643 96 330 173 240 446 195 532 642 770 738 530 723 3 302 986 234 647 216
26 817 999 423 84 874 615 424 263 853 259 750 858 346 616 55 801 306 100 834 780 876 475 940 177 503 394 901 965 330 772 589 500 425 366 522 400 694 941 633 418 555 440 802 304 707 732 197 76 601 338 65 451 328 656 315 878 223 486 75 413 746 243 173 545 128 402 948 321 284 912 990 476 617 619 461 778 869 734 654 275 815 798 424 412 646 918 167 925 841 497 686 679 811 755 733 161 343 573 384
629 131 176 480 449 77 276 635 997 990 163 22 753 851 121 881 152 702 697 387 869 446 853 244 466 282 225 10 105 918 534 754 15 884 137 92 282 386 903 652 704 854 766 245 755 377 441 21 62 167 378 116 695 275 723 387 870 174 442 555 276 68 527 62 576 10 475 741 73 41 622 313 874 491 572 493 496 253 424 167 623 49 773 777 319 345 499 162 737 817 90 36 6 578 482 542 278 355 954 143
245 41 826 925 39 833 941 834 879 793 717 604 149 101 940 538 432 683 480 88 251 862 810 84 357 356 892 558 883 783 6 168 859 734 632 215 262 796 898 212 324 284 373 776 161 439 43 238 263 541 313 928 505 370 632 546 371 405 531 216 535 648 458 926 204 982 790 324 460 979 223 658 397 323 864 110 333 706 388 526 735 50 796 464 166 912 379 712 591 462 184 643 256 184 408 7 816 296 329 907
532 764 948 369 679 112 104 597 893 808 43 900 14 870 68 864 287 904 276 592 677 355 531 895 30 42 634 791 219 281 444 233 764 412 559 535 388 335 260 308 987 391 19 218 76 961 382 246 964 663 756 392 817 339 418 541 177 278 913 576 300 176 961 251 714 206 297 517 851 834 861 268 601 784 796 862 733 875 337 145 63 82 657 798 801 152 528 105 872 327 511 1 823 819 960 251 9 315 458 385
847 506 822 660 784 72 955 990 982 826 539 281 814 450 195 533 323 885 340 648 9 988 712 800 809 608 436 351 380 895 488 861 773 43 671 848 772 804 90 376 521 470 813 199 373 249 271 281 493 589 204 573 63 303 528 8 249 46 741 874 529 987 233 116 198 617 956 346 942 338 726 857 260 6 372 387 106 532 157 110 978 297 535 372 615 59 148 632 868 983 837 190 867 157 155 954 455 226 387 680
966 14 751 845 935 106 450 866 78 197 524 238 405 22 741 494 89 275 164 538 16 575 622 664 906 893 975 845 496 924 734 426 421 639 576 899 788 721 995 801 869 705 169 89 798 857 275 626 859 990 97 368 910 729 386 274 313 111 383 135 456 718 42 221 529 932 1 294 208 448 874 432 992 211 443 860 724 975 488 626 789 957 453 816 385 414 420 84 143 576 251 702 872 96 238 260 559 541 749 264
275 698 688 28 627 626 466 178 857 432 705 964 456 279 234 53 394 760 977 887 276 654 603 629 854 16 42 372 293 253 718 838 13 700 736 159 418 606 586 233 351 708 524 644 956 89 531 120 777 403 145 998 106 685 695 968 726 123 655 437 873 838 253 301 134 411 472 444 291 954 625 684 219 117 226 777 624 69 95 183 455 411 270 951 63 229 937 271 726 588 918 147 822 223 259 234 912 263 213 476
936 162 439 178 71 366 623 142 270 980 922 438 390 360 542 169 991 521 161 582 712 796 460 190 472 569 138 716 89 335 728 605 239 145 264 280 552 501 459 655 779 620 121 962 793 598 469 919 196 973 800 71 282 877 498 230 335 52 113 338 99 148 597 204 925 274 241 373 750 774 282 82 603 963 175 964 779 602 449 236 153 743 404 814 245 621 362 95 255 603 724 305 202 339 470 934 671 510 931 396
454 914 158 812 725 169 112 157 385 209 887 312 759 637 85 345 328 794 995 353 45 361 571 48 497 28 315 668 290 540 942 894 863 899 82 945 100 474 446 220 309 940 742 675 357 998 148 614 791 978 878 572 685 24 889 517 779 476 649 22 844 86 404 454 817 787 95 526 428 810 951 825 938 879 467 72 458 30 619 942 482 499 157 525 298 833 538 406 16 300 78 978 685 81 945 91 640 317 398 712
362 282 617 962 660 986 300 902 400 301 826 903 813 956 807 73 270 600 93 713 146 128 706 341 237 498 408 854 738 677 33 55 568 440 528 963 387 57 189 895 574 253 459 790 283 819 112 447 498 723 186 825 730 548 175 159 752 217 554 699 823 585 309 126 108 297 581 497 438 768 11 327 839 106 309 217 496 183 168 821 820 733 477 625 53 210 17 370 693 972 545 776 667 575 976 441 814 623 624 803
321 656 261 659 719 876 174 648 451 919 395 399 182 894 809 918 569 387 217 42 888 394 654 315 739 175 690 921 487 581 862 164 894 212 323 91 515 994 716 953 705 220 545 557 684 469 118 580 459 149 177 63 229 788 275 231 800 750 950 319 556 89 348 898 307 488 897 498 565 129 751 648 312 176 997 8 481 169 13 819 247 317 157 606 949 3 98 622 391 671 255 247 128 482 196 180 940 322 348 735
253 233 328 84 277 906 857 233 728 308 312 213 1000 59 748 497 514 570 815 814 821 340 288 797 681 796 901 509 519 291 531 427 231 134 949 132 851 331 516 760 509 668 659 183 367 127 666 21 317 906 385 232 856 237 331 881 872 800 159 844 43 618 107 655 250 515 196 579 477 951 294 717 419 324 463 259 931 91 800 444 504 348 236 635 892 127 317 645 589 936 117 635 121 229 52 79 145 851 930 621
642 735 765 450 368 775 406 322 113 451 211 534 469 696 919 905 475 561 464 415 136 490 52 66 413 958 989 890 97 408 335 874 838 230 808 421 23 955 433 967 284 232 158 273 779 993 332 956 384 568 907 847 162 889 979 739 685 479 704 67 66 839 859 921 114 17 571 186 947 637 841 802 311 450 281 315 550 373 929 891 620 294 582 587 65 811 261 150 322 484 947 495 761 964 783 694 742 345 313 40
259 825 881 851 68 347 713 521 52 389 843 959 661 638 768 679 546 686 807 568 746 743 863 206 925 146 405 883 885 578 212 570 611 714 718 224 632 37 477 269 955 215 686 125 709 56 770 407 571 244 667 622 659 94 89 778 646 53 725 290 954 477 684 407 217 115 880 46 59 200 710 939 928 31 822 992 460 897 933 799 946 702 240 278 951 858 57 438 33 351 713 55 226 27 652 348 124 587 667 210
55 669 640 370 378 856 171 173 603 468 40 570 588 73 549 731 420 137 925 59 18 150 601 724 36 257 409 413 75 723 838 711 662 683 399 264 361 168 406 185 850 148 759 764 386 381 128 183 563 524 744 938 172 413 235 178 415 638 944 593 529 502 16 811 824 805 758 907 56 416 819 146 754 484 629 900 74 151 125 511 577 423 78 784 637 929 391 277 105 631 395 655 796 259 630 517 177 62 652 125
666 26 297 653 616 284 882 582 32 729 547 84 610 460 881 978 702 876 752 932 919 684 9 187 986 838 590 532 989 349 881 583 879 298 362 24 733 473 113 854 555 291 859 691 527 376 426 731 706 487 615 198 36 12 257 836 932 994 27 321 720 899 803 954 890 874 687 859 948 854 85 23 75 269 52 687 168 929 862 507 900 467 883 504 701 96 863 234 549 53 905 92 36 310 141 467 163 639 56 506
941 574 700 51 276 188 532 208 644 873 230 968 410 436 846 504 865 150 373 774 922 124 997 420 839 985 257 647 268 898 679 307 974 947 408 205 879 885 137 29 667 729 511 939 388 31 805 376 301 832 785 419 453 325 327 44 574 556 504 246 316 415 376 984 750 346 624 350 314 931 78 27 168 651 593 838 567 278 556 216 137 237 500 841 121 221 435 981 952 568 848 379 781 222 128 875 658 958 985 189
219 677 947 97 153 583 878 117 234 404 166 850 11 750 541 357 727 449 464 41 345 175 631 707 448 741 604 860 131 654 892 839 120 621 671 562 396 239 755 926 386 960 629 159 702 10 511 812 629 899 562 905 570 755 601 653 524 425 148 967 630 558 617 962 419 196 127 31 62 350 838 645 528 423 415 433 872 143 94 494 396 385 539 129 760 249 401 837 955 752 96 674 334 849 909 623 166 800 915 864
101 828 7 344 730 238 212 209 46 944 474 908 96 407 876 415 202 882 388 234 39 466 170 218 550 683 464 257 985 385 773 972 15 264 903 623 709 656 793 771 313 383 591 675 114 938 564 794 381 123 80 456 285 435 476 650 906 367 380 489 97 923 27 924 709 422 459 88 954 316 763 619 793 564 468 425 87 606 319 620 41 532 464 774 530 738 993 587 19 345 72 71 579 799 41 794 506 299 735 819
158 633 510 871 612 745 234 754 968 73 629 26 295 721 850 100 537 976 810 355 670 278 21 155 10 859 184 835 975 562 934 245 251 988 202 880 264 119 279 239 426 949 80 19 90 608 587 344 728 536 851 664 865 93 297 574 438 700 94 349 333 178 492 403 206 659 583 947 381 449 423 456 952 901 157 972 64 656 268 325 902 817 200 878 754 505 681 330 901 210 849 19 212 555 55 808 108 183 281 299
130 356 978 351 563 916 679 364 559 121 160 212 954 499 450 303 507 667 485 152 20 675 724 427 966 352 433 740 804 583 168 45 946 25 229 763 863 382 733 80 13 942 583 838 720 468 188 549 176 679 281 881 165 357 969 331 440 497 762 661 174 582 272 680 131 98 779 165 298 232 847 795 283 705 367 923 65 544 197 635 550 299 476 550 122 955 446 225 435 87 790 665 995 451 313 492 530 890 244 929
382 532 505 608 644 20 962 795 18 413 114 892 726 512 643 428 65 689 220 956 239 897 228 689 730 4 316 529 639 187 533 498 609 594 838 927 655 228 834 369 365 622 681 88 840 399 308 562 495 389 786 601 218 193 435 437 609 840 932 163 589 398 976 600 177 986 80 623 99 847 478 758 132 666 620 352 32 211 147 344 838 983 646 161 81 160 242 558 445 202 390 831 358 157 1 447 712 522 749 666
649 359 860 689 525 72 517 588 134 437 9 413 792 949 575 375 832 946 468 27 938 64 794 103 367 676 966 113 946 713 327 268 538 378 431 228 586 256 310 929 141 989 546 228 224 388 719 205 632 749 529 731 770 793 661 79 909 652 93 388 241 426 789 481 806 182 836 862 938 269 218 886 264 460 346 998 373 655 98 824 803 324 732 724 582 835 744 315 690 8 587 285 637 648 799 346 422 158 681 732
930 419 222 916 716 51 492 806 624 595 654 335 538 308 163 528 177 283 460 638 230 684 355 415 352 696 112 955 487 369 296 850 349 56 991 865 692 417 457 631 61 312 424 6 238 716 5 78 748 556 656 241 350 798 765 760 810 745 874 770 50 189 961 271 717 134 854 907 452 518 603 818 991 463 123 8 581 435 936 723 467 43 310 953 948 467 478 115 388 558 301 942 953 472 842 446 916 206 119 743
818 782 987 988 962 702 828 634 271 422 238 972 935 103 690 389 743 82 627 734 811 578 837 784 676 669 449 850 204 533 199 478 959 780 165 404 773 241 256 417 227 574 306 340 692 75 413 818 154 739 644 487 840 828 76 689 883 64 709 394 364 923 235 396 557 858 428 615 810 424 593 900 644 93 136 657 652 853 173 923 170 477 634 956 700 844 415 990 791 104 985 90 704 49 98 634 150 588 610 712
366 815 668 190 98 507 112 1 881 35 593 149 128 719 976 690 230 331 59 280 391 171 220 902 558 115 825 466 582 514 219 353 126 648 749 657 402 164 643 19 921 307 49 168 953 530 40 195 611 180 336 939 567 281 902 924 974 711 64 561 856 828 122 343 786 13 513 512 835 674 734 305 934 251 62 819 775 669 680 490 231 228 531 886 26 67 965 343 20 566 760 919 30 520 871 290 14 655 210 734
65 975 766 913 310 555 931 124 297 460 992 993 512 638 364 521 978 537 910 466 850 291 721 524 427 691 664 244 262 539 960 539 631 123 537 578 101 343 19 530 468 950 762 44 197 596 313 205 312 109 26 364 853 322 603 346 735 789 190 785 530 944 327 308 500 888 963 480 78 111 300 437 278 566 214 764 825 771 806 609 435 739 584 547 712 82 849 434 737 411 76 469 123 825 723 180 166 743 114 164
178 464 19 443 872 509 17 89 356 698 193 908 318 78 760 537 927 121 584 445 454 318 934 44 613 187 987 311 451 294 15 142 152 955 835 235 15 685 543 361 71 996 256 619 723 592 593 774 342 231 687 425 8 33 467 955 776 605 135 261 625 251 597 233 706 228 380 448 407 328 535 949 913 69 819 73 261 768 305 737 800 628 49 642 361 941 173 427 49 763 39 588 684 363 424 463 992 831 171 535
433 796 86 973 725 401 55 412 951 600 955 10 205 947 256 342 141 836 417 964 118 957 186 471 847 500 28 887 460 67 10 987 295 529 421 324 483 891 475 826 858 519 268 654 311 902 961 285 648 863 622 865 26 87 914 668 363 299 371 181 969 10 844 590 5 665 389 386 24 642 383 648 692 566 499 768 444 568 252 764 248 673 321 66 166 818 715 392 971 427 135 316 659 704 606 953 430 236 778 627
573 973 43 153 513 408 224 223 300 960 647 120 188 747 102 374 75 228 367 427 473 810 727 235 771 796 487 909 999 443 818 406 432 328 383 632 719 855 657 385 924 108 66 789 203 501 699 811 472 881 474 916 110 975 34 677 285 158 416 962 60 673 734 491 32 154 506 635 251 758 627 204 31 564 797 910 1000 76 779 941 317 756 300 827 117 161 76 863 449 591 914 38 421 833 995 219 461 883 411 495
689 150 359 397 675 274 760 548 54 465 15 559 471 441 811 746 171 144 901 625 998 167 978 460 122 818 667 150 0 12 940 432 240 489 322 401 255 461 380 338 199 295 221 420 621 996 455 890 238 819 760 551 947 226 5 306 696 347 463 262 647 292 140 319 892 182 721 94 516 243 684 123 299 7 319 886 394 729 151 369 292 396 94 256 164 620 277 343 492 623 370 778 495 426 564 111 79 367 963 362
225 116 623 735 676 599 988 694 358 917 634 305 0 86 196 604 197 778 783 983 726 594 910 633 257 973 558 75 507 296 78 808 813 641 236 154 898 73 894 629 285 142 9 400 201 596 960 362 496 476 632 653 208 119 422 717 260 769 141 708 948 272 204 306 165 901 965 335 987 845 245 407 467 194 287 145 6 731 388 712 657 803 865 260 560 42 221 302 739 382 93 428 430 798 623 570 768 257 492 569
70 845 605 844 817 426 263 799 117 300 217 288 850 523 311 778 500 406 543 389 591 495 546 128 779 139 248 454 997 169 358 205 227 271 179 830 955 836 857 906 991 784 118 3 479 42 162 673 390 168 974 239 903 215 486 737 412 630 298 437 139 866 24 543 916 209 687 784 310 516 629 678 195 400 402 514 331 750 431 471 1 85 674 611 553 559 452 992 8 548 21 90 574 606 3 896 543 178 913 269
430 154 998 753 799 316 305 219 822 119 283 618 611 311 711 397 355 101 684 876 117 568 439 997 139 405 459 73 676 962 173 700 17 497 14 673 477 638 558 948 180 956 950 415 865 93 245 274 578 395 302 328 290 960 711 143 646 217 945 277 621 494 68 83 144 867 834 421 558 474 209 162 419 19 897 308 973 421 213 755 392 263 181 457 964 429 42 144 683 334 64 789 507 732 760 978 988 742 605 600
971 473 130 280 790 656 951 19 50 52 413 652 7 630 537 572 570 772 121 163 623 386 889 977 500 366 462 422 741 289 31 607 878 260 847 785 486 82 228 371 173 764 695 73 275 57 832 954 786 729 114 445 305 350 534 744 898 489 156 777 879 572 685 667 141 374 510 610 746 156 101 375 434 257 788 539 437 843 85 660 87 21 889 58 237 155 569 433 291 510 514 532 73 277 896 255 170 559 591 791
521 188 959 655 860 676 145 551 725 794 265 932 213 671 12 444 706 132 657 935 979 551 800 711 606 553 871 287 285 150 390 155 690 234 239 350 252 488 211 577 650 47 1000 936 993 352 754 915 234 366 871 801 381 571 473 106 48 751 909 952 705 383 666 884 609 736 178 979 135 883 690 898 525 188 243 945 724 96 242 494 816 364 21 10 94 863 282 638 686 758 90 447 649 465 537 965 445 576 219 9
218 157 329 69 360 372 547 712 54 802 94 963 563 789 273 156 1000 75 986 533 726 687 983 670 697 670 741 210 681 147 829 542 815 165 848 975 314 335 989 521 490 560 738 143 816 867 147 249 194 990 52 421 415 223 662 741 486 709 303 789 795 96 272 552 267 965 447 77 202 381 307 24 567 311 122 97 843 487 128 252 880 264 403 155 636 111 912 550 280 755 504 73 115 460 808 766 295 2 43 960
723 869 863 686 799 810 119 335 660 844 654 572 395 105 168 22 620 910 499 447 258 903 168 323 145 528 536 510 207 580 339 777 794 225 735 417 142 731 947 764 90 965 644 566 508 123 26 824 723 415 329 262 988 257 720 222 464 53 185 781 347 845 642 517 558 537 304 485 527 334 38 505 702 486 929 457 136 915 653 47 150 586 168 156 489 479 853 4 800 803 529 784 760 698 944 265 45 858 780 157
343 161 626 577 269 383 279 803 515 118 475 742 638 77 936 333 844 724 167 489 608 638 620 907 614 810 716 522 728 733 483 684 444 851 994 57 208 940 113 427 93 418 382 400 129 909 5 765 795 942 564 206 790 704 191 275 845 236 106 235 599 8 548 212 685 928 86 264 962 129 674 613 912 744 16 391 984 756 888 941 109 287 63 283 497 110 603 174 754 425 854 862 621 104 173 704 118 688 36 576
376 468 518 718 306 370 932 145 692 798 396 355 770 117 887 949 401 211 484 715 741 981 122 400 780 64 268 298 74 662 293 659 108 736 293 456 40 657 264 663 393 535 858 543 657 94 927 131 182 157 323 168 200 869 379 193 49 854 23 250 353 645 143 862 33 914 917 937 855 567 213 171 83 362 294 115 602 686 330 593 971 594 971 734 762 721 844 522 969 724 822 699 866 257 769 158 949 174 935 711
390 62 987 605 45 85 672 531 991 259 147 865 5 638 204 87 124 149 40 771 796 880 666 398 621 88 10 660 311 322 807 911 928 499 636 564 268 84 123 823 865 806 94 967 765 280 525 249 166 809 567 36 126 132 59 90 797 292 948 53 760 544 401 738 986 344 717 90 189 839 580 80 224 286 31 936 269 626 323 813 719 238 501 104 939 286 634 325 976 33 683 656 889 596 851 950 840 985 698 520
103 660 22 85 891 655 585 675 40 423 924 296 664 773 427 174 902 841 455 342 212 190 8 899 662 953 148 134 385 522 197 296 589 17 371 31 915 272 750 51 578 686 652 268 18 972 884 963 956 677 261 939 773 955 330 84 461 967 496 516 838 143 392 967 839 897 812 672 265 520 266 462 191 503 434 243 206 765 21 182 936 373 1000 998 200 972 156 825 543 456 398 309 920 108 514 348 557 754 760 837
768 222 511 799 57 11 516 108 478 398 825 174 924 925 435 235 893 6 140 419 595 440 340 809 509 993 877 592 293 408 404 375 692 782 685 864 409 99 405 942 972 509 639 270 259 52 538 82 748 547 704 550 542 394 309 298 388 380 614 944 251 552 676 738 830 432 839 747 782 897 313 670 544 103 786 416 588 391 150 4 349 220 597 679 904 730 112 296 150 228 42 774 722 730 695 399 919 285 797 722
326 279 131 499 314 141 170 591 262 969 298 576 840 457 568 59 728 621 629 293 582 433 700 412 579 922 438 239 315 964 856 96 174 802 977 498 975 277 390 481 162 320 398 365 615 372 742 5 231 541 158 627 202 589 813 529 179 16 22 101 864 97 151 139 638 556 58 635 284 336 115 267 170 822 698 751 558 632 579 616 215 758 471 371 832 986 116 799 476 67 205 274 715 559 164 621 379 68 778 526
874 15 516 48 239 969 952 305 590 875 219 361 985 203 964 729 149 872 426 463 249 671 84 552 410 451 315 662 53 179 225 353 297 273 299 786 494 166 871 407 493 199 747 899 575 357 179 444 142 922 462 140 129 753 967 784 587 517 89 30 976 393 443 933 792 713 729 755 404 335 446 327 877 838 89 87 14 32 79 491 122 424 550 952 774 482 160 919 688 745 960 121 1 639 571 465 568 448 41 958
739 32 376 15 113 537 25 347 24 917 511 640 491 76 689 224 958 75 53 730 179 241 510 709 299 868 959 855 839 831 608 665 539 834 361 772 767 698 774 992 887 320 963 798 70 151 951 149 43 129 913 145 564 590 122 90 431 494 103 752 341 367 896 712 837 511 977 480 710 290 591 239 463 389 385 222 331 996 763 219 438 254 259 496 568 371 563 177 764 452 468 819 294 354 204 275 403 693 802 403
583 982 499 954 221 892 823 142 667 435 525 678 624 343 574 611 379 411 689 75 760 952 733 837 496 994 771 878 126 117 749 671 787 988 160 3 603 787 605 46 546 375 731 500 247 281 626 38 214 986 447 55 210 338 778 759 912 802 555 560 18 828 619 511 753 476 694 963 788 199 749 628 279 230 546 529 157 192 978 835 229 808 363 116 19 355 161 849 515 214 476 134 583 116 76 37 790 322 177 510
505 628 923 392 744 590 694 550 576 772 592 69 846 739 93 526 194 179 480 283 498 149 182 643 444 942 79 227 105 650 792 479 298 656 605 798 94 990 700 39 147 990 672 756 426 760 701 263 665 25 316 943 840 863 342 408 119 172 834 384 329 314 503 695 691 560 444 111 290 429 978 781 425 255 240 252 431 802 543 926 243 906 280 492 472 213 784 95 882 695 558 724 2 962 605 208 270 997 802 874
210 692 842 230 694 272 703 346 315 91 172 595 962 267 504 336 19 771 216 79 698 879 933 588 990 416 720 407 978 940 641 10 221 344 326 294 472 38 152 100 134 478 6 772 375 710 290 51 1 159 740 202 633 675 602 14 511 15 522 71 311 6 760 937 379 140 880 622 266 249 514 290 893 142 879 222 495 808 456 433 981 182 860 912 721 6 893 769 851 898 522 357 741 682 836 539 808 961 234 924
913 347 193 323 680 677 637 722 432 709 364 788 793 36 503 29 149 787 496 380 65 235 657 54 583 39 974 533 83 997 926 115 900 4 641 820 850 149 553 401 853 514 493 11 875 586 713 725 674 748 309 615 377 422 393 779 296 540 202 775 629 477 300 705 478 793 584 815 608 380 263 303 897 461 624 675 141 828 714 222 353 308 310 326 178 968 268 25 172 418 246 560 980 163 87 269 987 644 1 859
340 374 265 686 292 886 102 508 341 802 596 546 124 566 583 394 720 892 6 635 614 496 336 814 360 94 776 521 48 214 394 984 722 577 869 409 935 98 637 584 112 445 816 615 777 746 5 708 182 830 999 124 397 520 295 22 515 879 470 332 147 802 584 14 806 884 646 956 199 786 716 668 55 514 244 754 688 281 154 227 588 632 364 122 622 334 677 618 809 934 726 902 235 846 442 734 263 170 941 429
305 92 737 132 3 109 489 725 182 492 127 553 895 825 41 789 853 828 460 904 803 819 61 412 868 55 254 584 50 467 109 664 638 366 742 837 523 404 380 700 250 770 225 566 317 571 171 248 421 48 89 526 376 609 568 167 540 23 258 776 847 324 560 946 815 836 987 701 286 742 339 261 604 28 317 40 819 214 630 26 672 542 545 828 197 210 216 17 410 678 56 961 409 993 411 336 973 621 607 494
494 351 97 201 506 566 463 898 936 673 730 13 754 556 996 930 400 28 36 853 754 574 415 435 678 275 459 328 956 686 361 758 98 220 287 832 948 131 64 219 700 852 965 599 695 496 666 330 373 695 913 40 487 900 929 243 862 20 793 616 262 395 663 563 366 457 991 524 18 559 896 273 697 135 724 990 577 807 874 896 930 433 751 208 495 23 909 41 301 999 193 166 60 321 637 932 721 488 451 172
412 675 653 776 529 875 797 894 392 198 296 48 577 66 962 595 225 910 335 346 832 562 111 960 929 797 11 764 257 169 456 117 925 429 559 837 82 121 498 29 725 533 260 848 468 519 32 844 548 943 815 305 380 315 779 339 692 257 967 57 347 350 63 323 667 784 283 899 966 519 455 868 858 199 881 435 909 37 309 218 734 70 127 640 6 557 162 474 95 410 57 341 719 38 750 534 701 551 13 52
600 670 693 640 642 836 988 989 99 212 185 244 766 279 706 313 245 361 890 399 989 879 919 586 694 19 72 378 553 22 880 347 940 582 771 130 490 334 593 666 497 170 978 312 463 771 942 1 267 948 87 898 818 222 219 843 107 314 41 930 310 692 396 950 603 368 455 814 806 15 620 817 963 501 799 184 944 334 951 150 661 865 421 268 433 573 779 943 660 695 788 115 204 754 113 445 278 81 891 75
475 94 68 632 813 512 594 446 509 319 90 963 578 310 372 965 544 510 0 309 677 738 184 753 318 503 878 130 277 905 166 231 108 311 702 781 918 131 941 639 253 661 419 981 11 390 81 707 181 684 847 854 21 329 495 818 533 855 86 229 459 7 597 425 237 402 389 628 690 444 555 720 27 506 493 529 695 394 583 786 878 617 542 37 872 605 240 711 22 618 8 104 684 746 496 697 988 192 116 194
101 352 471 657 805 271 111 824 123 532 938 378 534 106 31 410 14 369 165 68 257 997 720 915 703 146 417 523 78 518 586 947 937 707 327 143 557 862 802 795 738 144 657 196 953 851 540 781 193 94 20 442 491 126 713 50 445 296 281 872 587 710 484 250 507 935 467 576 319 134 89 478 842 385 717 636 732 321 61 545 795 532 460 103 925 141 588 406 949 221 648 481 927 281 95 32 992 242 152 160
203 847 27 298 905 300 104 842 904 244 640 432 199 869 214 882 940 138 719 633 400 975 50 420 557 488 57 259 9 524 138 286 303 87 394 840 393 58 575 130 720 221 408 706 176 914 140 449 192 822 472 637 107 10 616 867 913 859 241 161 752 847 880 254 22 108 890 412 580 51 384 127 845 994 896 691 419 864 710 85 449 272 704 133 62 596 125 35 610 684 896 204 97 811 576 978 262 251 544 591
805 372 240 57 723 369 789 869 14 231 446 745 290 86 961 825 499 578 766 5 494 765 711 506 221 621 66 238 834 431 677 303 967 936 88 85 805 471 173 893 752 355 564 438 875 653 957 184 736 671 991 290 791 368 910 202 812 42 275 254 641 717 205 752 281 54 562 439 400 524 557 845 400 321 347 842 387 480 535 519 948 232 169 962 417 905 258 47 977 230 103 713 453 468 58 407 518 880 647 785
170 714 285 907 162 976 860 399 272 658 54 844 278 497 790 960 250 97 29 210 877 37 726 343 955 879 767 834 368 683 566 701 95 892 666 963 514 684 861 233 439 379 406 9 140 986 146 168 692 365 27 270 413 984 405 582 801 604 21 305 940 18 496 185 539 978 483 435 673 240 70 481 30 209 846 627 294 370 989 22 58 66 809 267 480 158 335 54 124 197 786 538 729 488 89 794 81 41 910 230
282 682 609 925 239 345 300 356 733 592 76 393 471 477 340 128 367 14 687 663 905 77 298 899 316 206 553 492 932 862 743 677 224 797 520 390 449 982 810 37 980 212 341 695 57 521 26 41 941 866 998 216 455 383 480 140 7 526 58 689 651 312 108 265 838 999 735 714 971 851 274 130 934 548 99 139 721 660 692 450 833 274 759 287 792 527 764 517 964 982 550 683 426 152 485 235 438 340 908 373
412 854 190 215 691 487 944 342 211 457 311 991 714 919 417 406 578 80 950 969 972 873 283 274 136 646 816 653 21 687 470 141 97 98 215 42 288 354 775 391 712 640 178 54 110 413 822 66 329 361 635 4 167 996 655 638 974 724 635 557 940 780 539 748 427 339 60 786 801 120 804 740 615 32 894 608 764 624 833 165 815 51 586 934 774 328 577 71 538 73 278 134 854 398 286 380 145 970 187 78
441 906 552 928 465 929 475 764 687 695 864 476 28 984 551 605 730 305 648 829 874 608 493 686 422 310 383 29 454 814 443 111 414 196 436 451 995 25 909 957 171 578 559 405 351 168 990 235 245 844 326 222 836 161 55 426 957 348 925 406 748 694 224 425 292 294 42 914 395 23 659 915 224 649 802 401 361 4 402 127 866 166 468 665 991 122 408 549 50 349 468 446 170 100 385 993 530 29 822 788
19 255 401 474 977 833 561 941 761 128 682 430 385 996 456 47 255 506 450 848 247 560 455 837 891 949 315 383 292 736 952 299 983 47 28 592 906 902 272 111 644 485 252 63 737 717 90 507 451 885 37 787 61 288 155 74 265 920 762 999 767 774 229 558 432 812 230 179 868 28 465 438 564 766 798 770 498 187 603 637 804 479 660 389 518 503 400 85 110 614 729 63 298 519 740 632 262 792 920 992
651 604 380 720 262 131 540 737 52 621 290 458 393 609 485 340 633 993 617 897 166 635 360 467 127 514 21 111 963 850 378 24 7 858 900 553 812 69 259 710 769 803 98 117 758 563 289 810 208 116 635 422 280 169 678 979 795 92 242 617 891 436 773 44 232 32 641 8 792 5 15 287 141 214 375 691 62 971 621 752 635 540 345 610 180 92 216 845 266 858 866 173 310 447 173 791 122 901 114 648
969 646 695 182 242 417 436 465 50 425 42 140 456 219 43 842 340 219 272 681 826 174 716 81 856 937 764 342 701 124 38 540 490 327 890 79 752 720 711 549 183 778 133 40 633 401 245 522 356 692 298 954 421 223 177 829 317 752 367 550 626 787 710 652 202 77 406 625 107 26 619 149 928 529 722 234 447 890 956 164 50 796 271 509 673 920 67 776 93 582 268 240 280 700 441 652 850 403 498 851
332 101 667 198 5 679 465 900 351 453 585 79 698 678 827 879 338 952 193 734 889 964 727 104 759 416 224 814 546 561 319 115 342 134 449 360 352 895 248 412 371 695 97 142 619 429 331 372 27 469 195 381 898 275 590 974 934 326 564 122 419 671 230 706 536 705 8 341 483 51 953 760 481 255 383 671 661 731 476 341 898 564 792 635 107 223 499 966 438 48 762 246 909 127 84 282 925 166 331 551
195 934 408 52 108 384 55 649 711 754 755 399 838 307 430 584 713 435 66 113 468 1 294 982 5 972 263 160 28 468 261 480 177 260 478 252 735 395 874 798 415 122 470 896 761 825 123 823 978 192 726 466 741 508 179 233 345 582 121 795 830 966 846 464 557 561 75 836 320 330 710 19 631 293 585 112 205 149 262 589 982 472 959 439 46 604 916 791 697 679 820 282 833 672 790 441 208 951 44 231
370 381 535 901 675 337 442 654 89 635 342 661 165 204 370 996 210 58 525 42 620 929 404 819 895 865 961 535 366 747 951 555 671 886 867 147 404 153 310 435 851 65 410 169 96 180 667 770 820 976 293 326 717 662 914 21 107 684 602 665 994 385 440 252 110 813 202 348 662 959 784 215 985 299 502 793 736 781 507 524 864 881 969 108 272 436 262 127 357 253 49 468 977 824 967 210 223 842 517 600
915 698 888 612 427 586 769 973 333 288 304 76 783 414 496 982 190 426 897 796 64 739 610 846 31 862 9 569 597 120 781 255 247 948 560 920 45 178 653 972 130 915 967 358 261 799 188 732 330 739 387 301 261 26 883 942 362 496 247 782 284 860 625 731 877 965 845 821 855 374 818 635 772 1 508 520 818 643 858 639 893 569 520 124 831 364 885 990 386 135 270 349 221 802 678 67 228 823 584 527
547 805 370 448 407 753 193 894 449 34 752 884 209 899 700 551 637 252 401 5 397 435 386 26 366 390 862 195 829 32 579 292 765 877 592 736 7 316 451 758 37 216 745 486 77 340 125 645 50 692 74 770 996 788 645 185 660 366 75 732 716 307 712 922 524 322 625 845 583 830 532 182 701 801 280 2 768 962 97 905 880 273 126 844 237 833 479 551 867 551 259 293 282 815 457 24 8 924 98 544
363 935 790 283 877 475 145 56 429 59 905 876 207 126 167 478 388 379 392 770 681 792 82 697 314 48 432 170 153 588 88 443 555 461 830 387 174 126 324 117 707 473 935 832 632 898 316 210 640 504 786 910 239 184 334 573 661 57 594 858 516 572 470 232 932 489 897 841 832 628 223 505 250 348 766 852 490 892 130 619 792 512 692 389 858 145 894 776 938 791 121 871 26 909 310 995 931 601 149 250
787 952 632 964 993 874 934 401 196 676 567 548 737 133 901 921 460 222 326 846 909 280 158 411 452 129 35 612 548 66 492 698 115 946 27 59 455 487 726 81 185 374 39 584 987 112 309 85 53 878 710 937 294 780 580 118 667 495 103 592 466 410 779 713 167 878 691 549 514 313 629 939 710 115 166 615 616 532 830 597 748 185 21 111 536 871 424 724 196 110 899 271 876 710 562 739 118 778 475 62
525 768 618 948 817 182 620 954 942 914 408 489 917 335 324 742 432 924 179 495 294 307 347 454 767 400 848 183 424 732 126 237 754 549 966 524 870 762 592 619 99 831 487 466 447 753 143 551 107 766 7 644 127 210 380 320 608 618 146 967 996 706 884 157 560 342 797 49 483 85 431 872 589 68 273 333 196 97 573 70 380 399 620 271 584 130 872 321 357 42 933 272 78 188 709 467 713 523 16 206
463 345 901 595 700 983 566 583 928 585 225 537 875 818 463 129 798 277 284 895 375 481 83 31 367 978 402 819 248 486 293 233 846 821 228 243 307 405 265 917 230 784 189 20 593 221 253 527 755 609 244 232 985 375 566 70 960 167 287 499 459 64 800 473 104 30 77 947 545 298 139 519 975 893 965 77 760 84 131 317 696 555 586 19 860 109 962 672 750 903 851 97 253 266 772 137 678 710 151 487
64 95 12 675 701 589 307 107 532 215 228 365 991 317 277 71 301 835 851 730 86 536 328 211 895 242 912 413 754 24 195 435 343 725 315 134 605 176 322 988 362 559 337 665 267 744 925 956 864 57 563 637 311 208 865 7 721 815 836 612 525 404 8 752 504 381 120 489 832 322 985 566 130 955 590 484 689 949 585 501 939 811 728 517 483 43 554 316 8 227 48 861 459 291 615 429 393 156 841 947
233 943 815 693 332 27 399 423 824 399 828 984 337 244 184 429 72 210 505 413 370 466 983 735 197 42 687 200 101 13 133 174 513 266 173 532 663 747 31 862 486 852 252 354 726 151 910 306 207 940 398 5 185 177 933 710 796 457 748 40 918 11 747 998 497 151 988 654 78 711 284 827 105 901 665 145 146 145 94 237 753 5 696 647 609 395 910 454 347 289 832 143 167 654 568 178 889 891 877 120
371 32 12 559 587 61 304 344 920 564 299 413 633 848 104 695 366 632 304 697 78 845 337 601 702 239 108 515 248 235 478 91 204 801 470 201 36 941 653 556 952 387 386 353 193 564 615 176 400 769 940 206 183 887 479 718 226 261 243 850 566 867 868 448 729 674 729 790 570 611 840 751 194 205 602 310 466 447 414 516 203 558 238 459 638 300 1 28 730 127 155 480 623 689 641 700 991 354 440 0
368 29 718 996 654 795 738 194 49 321 902 989 595 610 699 201 138 539 586 552 348 786 465 191 953 795 313 111 665 434 148 21 390 865 276 453 169 924 759 232 280 737 55 527 550 825 501 712 570 139 427 385 664 468 184 281 574 873 462 701 908 814 392 591 971 136 972 67 898 66 890 421 55 413 275 625 960 410 858 638 424 616 744 295 201 783 304 449 23 822 808 503 990 489 996 825 198 287 396 294
108 319 715 743 522 560 344 360 904 476 815 152 788 369 759 324 496 203 135 672 929 825 645 474 259 678 509 614 392 350 105 562 368 425 638 14 116 190 655 513 216 845 345 836 927 888 312 196 846 49 906 335 651 910 679 130 464 616 84 506 500 481 61 504 45 970 75 180 263 409 834 279 438 742 888 412 688 409 944 21 701 819 492 891 856 526 752 758 993 177 579 298 927 437 22 221 282 692 223 483
867 303 797 605 120 536 10 226 913 141 603 262 185 984 472 600 142 915 110 647 617 378 460 348 267 256 412 224 498 195 411 71 916 30 757 45 217 81 764 564 837 988 521 13 667 2 247 292 916 563 60 749 112 243 427 672 943 201 936 188 76 779 481 330 913 292 637 241 516 997 538 93 14 307 403 139 674 929 343 30 793 698 976 454 731 709 427 856 187 130 804 153 966 55 378 733 142 837 833 683
383 423 699 851 67 258 950 900 931 337 513 106 302 234 628 916 958 431 926 415 182 274 53 232 363 681 314 869 104 209 461 189 259 853 712 574 469 545 528 494 994 684 902 798 207 604 497 823 885 561 373 837 927 931 715 227 33 487 418 144 862 596 98 647 906 351 658 566 853 172 483 521 735 230 290 430 680 537 789 771 948 343 910 624 388 429 846 119 685 605 757 368 718 491 192 568 492 696 15 663
358 979 846 147 804 987 686 174 785 345 25 164 577 659 602 73 668 420 953 0 552 474 315 757 709 41 541 277 438 470 982 224 719 863 425 346 554 896 13 829 182 10 506 350 267 797 480 175 592 300 115 243 700 682 626 808 720 821 76 270 360 154 915 670 924 387 19 149 657 484 87 853 484 965 161 934 36 395 825 318 531 576 426 900 550 31 705 847 299 263 814 1000 601 371 949 466 873 110 632 85
