100 100
668 408 140 509 590 399 577 208 147 169 323 435 139 419 527 438 237 456 275 192 12 444 55 398 270 96 979 338 613 145 904 444 509 436 380 545 792 521 912 528 24 185 810 173 626 736 20 768 227 754 469 731 99 912 965 651 74 145 641 562 137 476 310 237 828 69 307 218 447 492 952 778 828 900 723 432 259 121 114 344 128 20 13 810 893 641 323 1000 373 753 876 579 639 184 405 380 552 771 986 646
606 458 886 337 409 745 324 177 653 168 118 645 606 689 622 528 234 513 61 235 966 111 293 256 685 858 128 498 706 153 849 38 844 183 423 466 846 791 624 713 84 984 488 814 686 117 818 879 731 612 903 655 248 262 55 862 234 37 90 845 584 178 790 365 567 619 894 991 66 322 568 595 592 927 6 915 737 132 440 86 573 583 849 699 328 196 433 17 448 991 184 758 322 372 269 193 556 603 743 672
93 71 583 680 107 792 92 800 288 445 206 217 39 63 878 327 980 607 902 497 187 889 887 961 2 56 169 728 804 971 3 772 893 471 805 56 526 746 240 740 580 894 212 873 412 978 434 5 591 142 372 824 486 102 736 80 565 49 853 626 471 115 402 686 56 187 757 721 795 940 755 444 633 907 144 699 787 119 100 189 195 990 412 315 772 735 524 262 630 548 954 548 401 642 369 176 330 430 103 145
21 566 211 151 437 454 256 911 596 317 477 507 79 957 149 847 239 566 189 147 340 618 445 651 771 88 899 571 207 405 746 830 918 219 998 340 514 389 266 15 900 164 238 735 954 592 618 917 336 720 111 794 834 489 523 427 469 822 785 569 353 309 332 945 724 383 891 210 499 201 359 543 139 962 844 181 325 256 167 587 955 659 275 270 116 6 605 90 352 922 716 943 38 693 19 215 383 671 619 301
961 687 636 669 346 237 125 459 260 605 102 97 717 501 362 874 847 166 226 257 252 237 573 456 243 898 563 56 191 610 247 909 97 340 517 854 140 849 69 452 663 43 762 828 291 152 252 197 159 529 990 911 305 514 750 690 603 28 295 845 105 454 541 850 94 756 812 53 476 270 102 812 796 971 810 394 735 44 773 30 872 478 463 686 350 62 371 290 41 1 806 309 815 397 691 31 860 349 598 41
803 941 161 583 771 520 298 779 517 160 614 659 542 494 595 509 653 215 60 602 469 192 501 512 771 682 785 526 637 397 6 431 188 638 976 38 595 187 557 909 459 675 177 304 633 994 105 84 753 619 552 279 404 474 498 176 14 456 102 290 284 185 100 375 260 833 602 344 872 784 522 568 956 326 454 493 363 86 985 131 750 374 210 554 727 236 540 538 7 621 160 388 852 58 374 484 570 74 919 976
611 517 995 74 103 951 910 580 420 442 507 931 445 277 329 40 977 647 400 458 490 364 810 25 879 69 181 886 446 116 546 559 902 96 639 988 37 137 396 804 463 225 751 311 869 893 491 741 404 47 555 136 758 819 850 924 60 668 16 135 529 238 796 424 175 16 747 329 883 419 823 112 933 610 4 934 432 96 171 110 20 577 160 171 635 787 698 806 967 222 495 8 1 73 428 235 398 50 675 75
204 201 39 999 107 52 147 890 365 245 404 563 319 802 473 361 776 456 496 781 340 968 421 559 209 85 295 654 860 825 511 341 75 165 846 392 559 746 530 492 738 953 58 964 319 15 895 630 780 553 349 977 144 328 621 422 748 260 625 410 816 377 98 943 802 854 49 342 692 88 529 854 115 423 739 398 343 855 961 156 908 183 624 690 739 199 558 160 151 45 501 70 631 497 823 223 31 347 677 140
296 618 583 741 896 471 672 160 350 49 451 242 856 485 61 100 626 214 886 85 757 363 837 600 805 570 473 338 219 205 206 74 501 969 999 202 288 11 903 333 784 803 346 145 56 146 647 493 744 828 992 123 558 556 701 565 253 683 997 459 696 586 740 17 186 762 924 478 866 555 492 969 266 298 836 128 554 249 144 47 611 536 947 613 828 553 47 877 382 920 403 638 865 912 270 27 888 973 693 2
483 697 75 163 738 831 417 71 379 908 992 526 491 524 987 924 991 690 189 266 55 302 508 175 777 273 338 389 81 618 529 359 291 88 530 738 601 468 704 697 597 97 22 516 791 759 318 539 242 639 987 301 504 607 723 418 450 370 495 444 873 842 728 725 348 398 529 199 388 243 972 509 26 247 403 118 933 279 546 960 340 236 395 41 957 455 706 773 563 503 144 647 308 631 995 51 28 448 266 535
104 182 175 413 668 117 760 966 177 473 558 850 702 813 178 943 622 890 44 742 964 717 29 985 857 79 260 770 326 173 865 431 508 420 537 455 45 377 846 127 272 620 663 602 813 718 911 170 532 678 650 659 796 910 967 435 204 371 26 203 417 921 777 502 672 213 700 219 462 126 314 750 765 50 954 323 858 273 388 919 730 37 888 894 489 583 613 142 452 509 16 662 503 113 628 157 738 215 816 240
522 574 40 289 252 63 671 369 74 846 998 576 79 989 420 332 375 937 676 9 263 681 755 413 426 660 200 184 778 120 224 458 906 289 749 514 668 551 673 94 955 133 877 523 680 128 101 255 393 363 989 895 608 48 896 999 800 191 202 480 752 796 224 712 523 645 603 305 673 518 17 491 603 699 998 252 754 89 87 930 475 433 164 106 940 707 825 706 792 171 191 53 159 833 824 195 493 964 419 617
876 923 287 592 540 910 643 907 654 693 858 453 957 522 819 718 186 55 947 228 20 536 90 866 583 995 59 498 408 769 686 288 730 980 397 595 889 491 730 814 137 617 150 618 504 186 984 204 261 942 97 173 865 765 914 284 683 79 303 201 188 742 511 191 778 498 276 650 666 233 407 935 362 465 768 601 619 1 96 777 827 689 875 1 159 32 670 903 946 242 282 783 527 658 903 972 385 976 277 441
424 718 54 351 751 895 603 778 224 42 260 741 686 806 560 749 531 754 43 649 45 814 500 421 763 9 411 763 685 412 758 139 148 334 910 230 924 952 307 537 682 64 990 2 580 483 889 667 325 416 35 381 757 79 819 622 379 33 872 871 432 44 628 150 763 467 792 913 850 634 800 594 734 779 492 145 134 234 810 956 15 181 905 123 748 521 725 300 310 141 569 812 587 230 913 675 419 420 152 702
992 138 261 233 170 992 235 653 379 649 528 551 80 883 617 336 870 343 97 308 804 826 990 873 418 903 739 145 85 913 926 98 770 382 964 55 295 847 698 849 962 567 177 173 264 851 290 141 103 4 411 685 608 273 372 406 587 236 565 739 460 530 370 113 680 538 289 103 248 139 867 842 150 628 609 506 218 48 447 344 290 90 903 944 959 398 607 404 509 31 307 567 27 370 343 403 836 615 343 108
436 277 972 941 222 462 881 396 91 199 413 568 378 292 645 122 438 847 176 595 453 476 708 802 838 260 344 413 298 499 840 426 67 490 457 941 351 83 202 345 404 310 622 27 758 631 966 651 534 458 577 105 329 76 960 198 20 469 199 967 689 513 115 263 929 580 785 401 483 257 379 411 571 561 884 343 571 264 991 298 481 462 199 435 351 826 615 980 33 460 764 4 739 33 565 951 508 860 936 340
705 143 360 851 175 199 269 751 347 681 1000 222 705 503 897 987 916 133 948 896 346 674 259 690 733 587 380 594 355 556 387 610 697 894 365 337 176 961 807 68 227 96 775 426 408 721 773 749 238 19 762 517 776 118 391 988 753 659 764 90 560 152 359 2 967 161 244 370 283 202 621 418 661 167 350 13 439 648 238 943 14 826 202 358 248 917 964 213 475 987 222 665 625 525 956 729 23 640 209 884
633 692 991 181 930 663 63 832 6 788 392 479 233 108 850 16 455 281 645 901 417 829 571 380 981 628 646 379 956 660 390 357 163 728 132 15 520 153 181 610 672 776 539 167 339 676 44 852 386 660 693 183 265 906 939 350 70 582 771 363 7 420 483 497 143 477 442 556 261 511 960 575 494 141 576 669 65 720 268 281 922 404 922 112 948 413 942 820 832 545 813 424 645 465 57 118 260 6 330 422
374 564 835 248 75 277 205 414 327 954 226 68 382 371 913 10 107 565 551 948 745 758 583 105 479 995 941 461 152 687 413 976 595 806 878 260 278 221 234 425 836 977 199 935 884 424 569 481 392 732 678 869 217 519 414 744 731 39 584 210 964 215 849 245 529 334 619 20 13 52 859 871 793 274 341 312 905 428 355 740 931 179 819 667 980 504 263 37 883 962 817 514 423 484 956 503 761 766 684 354
635 480 521 526 316 603 926 809 648 578 891 450 214 881 193 561 362 458 454 71 631 773 888 328 637 599 738 102 575 454 321 761 604 951 864 129 911 608 97 581 996 922 391 890 792 618 425 519 285 390 391 121 486 581 340 338 883 810 769 806 57 689 56 847 628 731 593 307 934 690 471 406 887 696 128 620 529 230 147 731 190 77 600 640 833 231 733 864 156 445 590 298 975 423 157 786 759 756 818 45
400 95 331 222 588 305 149 864 68 527 238 345 690 53 987 233 709 689 883 165 611 692 195 744 386 71 162 796 416 41 995 562 392 952 441 54 154 561 695 762 284 905 899 631 225 488 55 433 148 327 263 100 597 451 568 820 822 53 868 88 788 98 101 360 833 910 858 86 974 262 941 193 761 872 858 480 124 949 263 873 668 314 803 161 453 840 475 803 714 173 521 232 766 959 60 406 342 62 675 736
904 67 515 497 958 91 720 281 629 616 202 868 596 180 875 201 31 480 296 336 781 894 262 793 897 505 111 914 467 356 574 731 616 137 532 862 426 715 440 5 562 700 823 141 908 543 176 310 29 268 128 489 854 164 924 775 376 251 748 22 702 937 565 79 745 350 850 603 658 211 722 483 443 728 724 448 578 725 391 855 843 259 101 549 160 887 85 646 51 790 808 127 580 595 623 541 707 22 328 129
323 890 491 957 190 401 48 967 926 172 41 685 933 377 888 771 19 405 454 647 336 629 724 753 123 541 532 492 790 151 895 536 25 43 762 669 457 177 941 171 761 86 401 803 661 295 830 44 175 894 563 562 181 628 396 335 754 422 454 314 711 341 16 20 355 335 543 700 814 56 466 254 599 506 363 974 887 340 135 559 940 724 730 291 311 529 532 260 847 453 385 652 923 225 287 7 246 414 823 519
427 155 554 719 821 619 968 246 411 866 675 75 111 168 488 289 153 992 843 447 420 335 956 111 796 838 349 705 678 402 975 646 591 269 777 661 898 281 426 564 256 589 932 967 95 788 893 266 426 439 499 573 547 835 981 225 208 516 766 754 562 680 865 699 811 585 867 568 564 693 421 613 650 676 709 404 26 385 774 436 84 794 32 52 525 917 949 853 738 307 13 474 951 159 143 807 993 260 49 841
126 977 442 436 982 363 451 840 858 406 458 341 486 226 353 932 833 980 490 532 777 81 951 115 358 482 396 318 942 200 734 0 430 523 477 134 93 928 773 111 318 150 682 153 683 280 598 333 396 133 651 889 176 38 400 934 23 835 249 630 650 634 111 726 642 630 807 952 776 634 928 220 962 489 205 929 612 560 95 153 473 334 597 623 56 852 927 202 663 630 858 891 309 593 81 752 529 663 707 527
496 65 163 428 342 714 766 484 265 139 777 699 325 872 571 66 50 385 466 820 29 348 842 397 844 938 201 483 564 298 248 833 292 952 866 715 719 506 36 326 303 637 774 326 269 648 687 106 811 13 175 390 624 387 110 427 195 376 775 621 534 434 217 349 329 997 827 624 751 489 783 338 869 563 157 719 277 82 193 829 390 298 964 113 852 452 307 910 195 721 902 946 578 793 550 793 22 591 521 497
30 144 860 70 388 994 652 17 433 393 124 448 213 443 552 255 168 507 290 998 720 524 527 901 260 272 182 834 816 754 669 70 577 302 26 3 880 684 383 671 319 472 790 892 528 669 78 558 57 186 538 800 1 179 492 864 554 223 470 56 686 418 954 457 755 70 909 887 703 676 993 815 782 448 667 572 975 800 515 923 774 680 682 56 713 626 925 758 471 165 287 849 145 491 119 282 108 205 85 820
989 559 429 696 103 942 118 668 41 916 266 137 899 241 407 155 320 299 245 45 510 885 452 522 49 329 49 656 185 48 402 951 263 300 77 686 795 669 521 387 400 419 874 222 137 480 180 705 673 376 182 819 537 58 664 439 590 679 766 60 889 673 402 57 519 130 635 435 452 531 147 162 196 656 519 923 96 423 203 825 533 723 494 139 6 794 939 367 398 579 345 162 337 859 466 376 645 446 974 296
960 423 288 540 531 15 178 813 799 208 326 999 959 746 86 538 22 616 938 700 17 566 214 146 981 17 421 607 685 918 656 31 133 847 605 6 279 444 956 701 993 939 886 643 34 505 763 382 642 515 166 52 511 1000 201 136 810 567 192 181 767 19 497 667 848 314 868 340 118 35 70 493 101 304 604 614 359 557 825 864 328 849 4 92 402 531 191 135 748 885 70 389 380 971 958 223 465 543 855 63
645 431 789 119 38 83 678 990 499 369 682 395 745 372 224 850 973 551 168 579 999 914 713 764 41 965 963 196 134 628 246 186 610 831 307 859 210 862 568 922 508 567 785 315 673 724 859 164 495 462 480 357 102 301 61 272 521 948 547 337 3 516 217 985 280 736 377 781 695 918 994 2 725 548 656 774 813 53 106 545 762 386 311 266 490 567 242 572 5 234 308 537 446 765 797 507 204 853 94 151
610 822 363 21 87 442 916 13 267 567 211 778 622 875 704 875 128 702 522 568 514 605 689 91 680 855 77 361 790 397 805 466 244 494 660 291 508 27 244 186 426 904 63 951 882 176 493 651 664 211 862 489 5 586 615 467 851 843 51 479 140 434 963 309 963 117 768 450 296 64 988 530 767 660 541 609 67 451 210 205 277 281 457 484 917 415 102 660 508 575 427 51 328 287 632 462 152 141 698 302
948 921 911 353 680 898 808 12 556 88 709 333 558 586 21 974 219 159 148 927 856 489 85 368 762 612 490 43 316 302 37 824 454 38 734 316 667 652 422 148 404 628 595 933 736 716 223 843 137 828 905 854 13 98 677 245 981 454 154 317 249 627 220 809 28 345 152 373 107 876 645 463 14 510 291 352 836 857 313 293 20 114 583 36 816 80 70 399 409 211 783 420 327 94 551 388 621 87 475 846
531 313 558 733 719 424 528 437 327 367 526 928 629 730 506 956 169 452 426 571 917 186 163 630 419 121 217 574 291 405 813 783 644 810 591 475 531 940 395 960 351 887 676 884 18 844 956 601 396 75 947 770 336 892 907 783 549 85 195 747 353 782 891 128 613 554 885 157 483 113 510 111 29 611 288 739 120 868 166 602 143 597 806 240 932 39 365 585 619 213 1000 546 186 296 503 424 95 199 900 155
679 864 740 991 897 865 394 216 951 979 122 734 441 853 442 784 682 168 660 38 435 272 401 637 555 472 804 79 545 334 308 717 551 141 368 632 489 116 631 758 139 910 804 610 156 89 28 215 62 839 124 273 175 254 444 739 143 672 385 417 869 109 472 112 521 808 940 484 370 245 766 907 949 378 479 446 288 439 454 839 924 218 161 499 540 160 136 118 75 102 387 184 741 454 863 44 181 853 961 497
238 645 451 522 608 573 799 630 142 252 264 672 351 312 278 216 274 539 351 968 457 365 125 107 973 860 855 588 88 675 565 900 989 604 951 287 210 282 198 429 789 575 738 100 691 972 707 79 988 447 21 963 335 604 440 648 377 620 847 70 647 657 204 588 197 179 244 449 759 528 177 749 926 67 342 327 861 11 345 939 953 634 160 438 654 525 523 895 603 772 658 627 350 329 919 579 301 524 170 978
108 150 482 169 916 838 758 890 760 631 894 153 828 737 865 850 78 701 582 663 258 771 442 870 651 749 77 629 596 321 357 115 888 137 566 125 568 809 96 196 421 263 251 785 891 948 768 842 153 419 239 942 987 629 923 747 295 165 721 123 554 507 19 445 704 284 716 272 112 691 81 193 638 127 629 359 656 304 619 675 846 385 441 259 817 56 78 923 393 45 351 381 245 196 687 470 252 751 769 303
2 706 361 4 40 11 9 343 631 840 469 579 263 563 958 615 732 482 4 568 912 86 809 698 483 560 826 588 706 265 496 46 743 73 829 207 329 30 171 606 201 967 69 211 19 494 558 185 342 564 441 354 980 439 814 707 835 937 607 868 392 595 640 306 10 189 330 99 497 373 979 344 65 794 862 152 976 984 893 354 218 814 950 334 814 291 973 870 972 957 492 833 66 902 865 904 117 462 917 530
296 164 920 279 98 378 261 328 240 106 486 217 443 375 519 107 573 585 854 990 970 813 584 291 82 375 741 631 994 945 88 705 210 490 623 758 125 373 390 856 42 744 864 259 408 805 443 694 509 722 740 73 930 118 324 939 233 273 639 551 577 138 355 334 230 359 530 230 937 754 98 53 445 581 400 887 989 352 694 724 574 854 455 211 177 944 737 232 114 240 586 661 961 73 574 64 517 936 313 950
566 784 648 252 92 499 26 664 839 420 190 997 111 392 270 53 411 5 404 876 838 977 487 928 812 712 192 713 785 915 693 758 502 696 166 14 120 179 871 565 477 209 178 836 69 107 313 361 553 886 746 755 654 470 239 581 66 304 128 396 790 479 689 71 498 752 145 224 389 111 895 406 834 376 336 367 693 287 78 409 106 609 268 161 475 733 893 792 34 548 798 153 32 263 340 57 740 236 938 33
45 809 562 724 206 830 98 935 27 498 371 593 912 812 192 536 305 738 402 14 977 233 372 19 702 648 782 825 568 547 835 88 789 48 745 549 647 210 524 783 914 309 89 507 159 878 672 200 164 612 284 814 833 682 273 35 280 453 188 436 151 662 750 897 848 938 87 937 798 188 392 19 38 943 396 481 595 880 0 463 560 955 383 947 33 147 287 90 878 267 987 484 644 707 277 566 894 220 866 289
972 99 391 227 602 185 415 253 263 287 560 162 984 181 780 762 254 850 436 877 292 32 940 461 222 459 331 385 822 499 382 538 690 440 977 516 981 463 291 334 159 80 619 515 20 613 815 978 154 35 182 809 486 173 335 954 293 906 629 736 236 467 831 808 93 248 647 61 79 256 424 223 639 618 616 473 513 128 15 445 298 705 222 300 30 451 214 848 971 778 838 364 718 817 267 463 32 136 874 705
532 194 589 989 649 2 933 764 757 167 540 702 991 949 307 69 184 55 318 881 169 830 486 89 274 623 262 112 632 935 317 272 663 758 603 71 591 821 760 849 95 7 879 227 364 717 511 813 29 954 218 394 606 607 849 974 21 182 664 753 327 22 599 483 750 947 294 959 49 836 286 850 306 605 866 499 453 162 664 517 244 870 931 244 406 207 575 857 354 460 423 811 296 886 213 54 836 547 300 34
642 425 468 318 825 949 873 258 66 542 69 908 974 663 629 230 146 480 944 588 633 384 625 30 96 687 396 672 303 87 629 483 291 862 834 566 596 839 68 791 7 467 37 586 213 25 72 546 836 58 619 930 604 136 108 947 713 571 465 831 612 363 793 625 12 747 658 718 250 788 524 433 386 728 976 974 108 751 602 888 68 846 623 77 537 430 746 730 319 612 489 498 263 771 397 274 834 928 71 192
916 731 377 718 875 416 522 745 280 282 49 869 214 909 1000 987 394 294 734 582 998 887 297 719 19 42 759 969 540 816 86 856 625 751 549 968 125 461 793 269 974 18 754 877 116 473 764 431 910 316 772 426 835 227 418 968 398 623 561 2 438 749 974 162 55 538 966 130 576 316 33 752 315 188 74 449 901 843 748 803 429 858 854 313 90 571 196 766 205 14 89 260 66 15 404 335 639 423 141 389
442 159 543 572 795 544 168 713 522 841 401 467 291 671 538 644 760 395 671 934 818 245 378 328 911 926 35 879 562 856 813 217 897 883 961 566 176 376 405 195 747 609 439 214 725 287 702 746 349 697 624 748 143 274 817 444 821 418 844 251 32 690 470 369 343 219 816 969 23 184 603 75 309 717 160 888 152 808 366 564 941 957 692 109 859 209 734 505 187 694 758 887 42 920 559 952 957 895 965 938
255 380 514 983 478 154 995 79 556 314 407 560 957 433 886 769 101 7 162 155 398 646 121 496 396 912 270 900 945 914 84 399 710 625 963 992 762 396 541 342 854 0 103 888 589 899 253 414 282 58 418 526 487 390 828 277 797 83 619 667 755 89 498 789 119 673 861 303 328 991 329 843 177 523 92 903 70 325 252 737 586 875 297 770 839 492 449 653 712 8 864 718 240 806 675 454 419 849 726 466
435 575 827 204 33 529 41 518 260 550 574 42 352 731 264 771 156 80 882 419 603 493 87 461 0 467 762 680 354 797 909 557 83 899 93 911 649 664 545 651 178 571 138 714 700 34 264 579 117 352 666 815 420 177 184 294 523 803 161 236 371 408 331 223 784 576 831 318 662 29 890 661 580 142 700 875 331 712 892 399 593 725 919 649 49 552 74 554 734 173 693 103 428 166 333 848 697 756 929 474
404 458 848 503 784 81 694 854 177 40 269 925 383 305 163 700 813 197 808 560 208 177 252 465 61 523 73 15 701 542 347 95 884 525 683 108 372 778 155 2 639 999 442 225 933 626 453 97 376 366 864 909 764 814 910 970 545 219 907 434 111 782 842 177 541 610 209 779 770 49 585 603 965 16 3 671 840 82 869 768 321 618 66 435 575 320 32 175 153 349 403 520 611 822 977 173 991 870 291 731
613 48 866 534 819 164 723 719 133 466 771 841 825 441 687 679 760 187 85 502 431 587 318 373 584 897 444 854 236 848 681 737 7 645 982 480 96 872 537 113 349 919 178 278 376 286 62 632 679 994 309 212 109 223 523 728 311 456 114 57 39 860 414 992 24 333 339 971 990 338 479 269 885 739 384 710 393 207 582 367 837 894 363 189 719 702 972 432 172 52 868 594 116 773 203 766 633 566 179 432
677 234 35 294 332 62 691 700 537 1 869 650 147 615 15 237 855 322 228 763 694 30 999 94 51 967 241 590 250 564 675 610 512 491 379 33 466 637 297 151 338 870 948 800 807 700 721 456 819 296 509 959 154 437 323 633 350 743 556 620 355 586 819 150 668 52 952 686 212 469 774 311 202 813 72 566 869 287 397 303 782 595 420 41 190 622 478 860 716 303 984 132 539 511 520 705 677 337 824 51
193 183 688 189 948 926 75 64 230 826 81 287 220 763 836 639 356 718 310 646 33 886 179 766 346 494 278 507 25 299 822 47 162 85 518 686 511 285 448 48 419 543 953 7 424 432 21 625 35 121 521 463 807 986 69 240 762 564 441 16 203 321 635 931 738 418 399 889 482 333 644 22 647 81 455 538 825 658 104 67 103 335 956 166 129 444 585 775 558 488 115 793 406 499 547 17 85 770 847 144
275 569 342 365 497 367 14 613 506 31 849 173 714 901 159 47 844 451 443 9 243 281 129 88 51 158 808 113 990 321 97 572 256 624 469 335 242 417 781 25 600 733 808 569 970 516 902 146 7 715 435 290 723 245 615 932 204 865 365 583 799 931 85 423 130 879 935 130 261 674 732 381 915 602 277 292 804 859 491 377 183 642 518 700 209 612 231 885 900 494 884 768 812 185 371 390 840 544 349 9
170 336 909 955 929 327 803 778 606 40 133 402 641 577 70 664 473 903 978 885 740 90 429 884 116 520 656 941 738 815 729 430 869 447 909 347 172 925 38 343 824 252 63 962 578 874 322 16 779 384 889 457 133 918 85 863 188 716 251 590 273 787 454 874 890 553 621 405 139 923 831 40 161 719 499 690 267 309 183 126 153 296 650 630 153 609 906 866 130 689 481 302 964 897 813 233 894 976 394 314
887 779 624 655 382 378 529 236 304 977 187 168 235 470 917 418 362 715 585 74 622 199 35 168 799 776 554 712 630 596 629 477 390 900 142 348 463 598 787 932 781 108 474 680 8 102 778 775 111 218 444 761 122 530 252 879 402 562 142 185 422 682 711 885 910 959 445 298 369 962 753 835 463 688 913 750 887 226 137 350 968 454 312 25 408 625 588 473 67 875 865 860 672 826 368 102 321 924 758 37
26 188 700 696 67 761 406 157 914 342 790 622 382 539 962 261 505 746 919 828 248 832 942 916 205 474 823 291 237 658 795 118 738 203 480 168 708 693 788 465 690 120 26 777 868 662 103 72 738 573 819 3 467 898 722 375 928 111 909 156 865 327 265 478 508 403 122 453 30 966 66 222 743 203 398 725 582 438 332 137 769 286 740 43 748 783 350 962 623 252 232 703 791 983 245 108 212 549 272 746
831 84 264 184 296 450 932 471 560 561 268 752 615 654 97 712 401 545 128 551 632 16 198 138 149 967 575 752 868 387 274 108 528 854 126 496 413 901 808 328 48 838 543 191 204 613 84 819 236 362 651 795 570 986 1 668 688 637 762 744 230 197 570 909 576 322 825 660 147 572 880 715 37 831 522 99 185 553 956 274 457 516 652 618 2 626 586 434 843 755 260 186 191 617 199 860 412 391 375 88
937 965 726 8 886 814 367 650 71 879 568 326 817 560 374 901 638 462 929 580 871 207 190 198 492 473 541 447 209 701 734 123 286 711 709 391 293 709 557 948 173 447 151 344 513 28 544 197 455 538 211 608 533 637 629 881 533 200 379 434 771 572 619 252 249 271 297 865 468 656 721 511 1 203 483 827 62 952 334 283 247 888 72 239 283 379 749 424 65 421 40 302 68 623 757 30 647 323 468 461
725 609 100 44 219 45 563 732 873 702 860 596 518 467 999 653 289 348 611 153 1000 310 860 217 984 597 126 397 579 719 722 33 366 116 55 66 71 733 19 788 221 737 937 535 127 406 296 204 795 755 747 350 594 617 834 615 382 613 114 595 914 351 816 564 932 900 596 479 711 445 681 470 529 839 36 645 133 826 880 183 621 911 85 494 96 448 711 708 883 87 354 971 748 498 459 225 385 49 738 213
821 964 666 360 859 805 103 792 215 138 389 348 449 160 1000 999 665 148 248 810 816 141 291 361 211 380 936 539 166 888 710 828 932 414 508 762 45 871 308 101 990 309 942 338 535 274 811 762 57 960 497 865 408 88 653 539 258 248 890 725 709 725 807 427 719 809 25 384 354 301 269 462 128 978 602 48 949 853 818 491 65 207 400 728 994 206 475 530 173 369 106 534 4 350 565 935 507 174 180 150
157 263 733 921 888 61 370 421 342 33 753 913 998 192 175 697 208 352 406 530 506 71 567 599 549 259 417 891 756 866 720 515 73 388 406 192 381 680 319 966 554 161 237 371 978 365 702 617 976 98 674 385 869 536 838 242 903 944 614 92 752 455 603 384 122 235 560 312 723 644 869 212 740 735 676 319 249 833 75 272 881 27 470 441 410 646 39 823 358 441 303 584 663 436 447 767 402 618 266 984
971 108 917 551 483 243 587 745 817 936 337 209 239 918 685 871 924 736 54 844 482 644 176 654 418 951 39 949 730 652 64 546 276 97 19 205 357 74 240 148 686 813 475 171 168 678 695 922 418 104 905 534 786 369 25 712 188 36 255 33 57 365 579 285 739 119 283 333 36 181 798 462 356 944 610 234 209 23 271 116 349 323 943 360 768 529 594 997 811 351 250 674 36 897 88 118 585 864 140 538
915 749 602 803 484 109 104 199 813 359 552 420 488 15 26 712 517 919 975 299 949 109 752 942 27 863 671 156 54 162 713 21 476 195 716 871 708 867 358 73 491 903 880 961 361 595 665 347 635 594 201 615 875 361 142 781 930 554 396 243 853 342 260 569 256 160 69 511 229 488 306 817 98 997 193 143 581 278 895 10 464 91 253 455 214 599 720 901 1 291 58 852 141 299 229 668 600 366 181 982
460 374 406 1000 430 702 829 282 162 495 199 362 984 189 182 810 317 488 260 605 676 25 757 743 786 173 828 542 925 683 897 228 867 695 682 984 117 977 713 815 916 775 35 237 513 635 220 578 858 877 100 442 668 828 152 348 0 809 648 691 926 781 307 964 487 137 189 684 974 483 123 65 27 146 980 475 860 560 885 719 729 784 867 440 315 415 995 744 260 928 152 668 321 557 699 350 865 788 951 284
182 707 807 698 572 15 250 148 727 177 896 551 343 804 978 3 888 802 217 868 289 970 366 918 778 429 674 732 247 530 354 636 536 226 731 389 829 925 141 598 493 89 101 482 293 967 560 687 908 366 91 711 931 959 889 55 509 810 524 426 447 406 666 148 222 523 613 589 820 44 996 256 878 89 514 181 38 19 661 498 218 189 27 229 794 457 797 831 750 762 176 723 575 880 223 414 50 267 524 114
360 817 790 200 37 372 597 427 714 301 275 152 199 597 44 681 923 878 665 318 629 881 221 162 278 771 121 900 130 342 34 966 98 608 547 942 178 985 807 919 893 901 888 614 195 658 651 613 331 449 751 768 258 161 142 496 635 760 984 338 693 308 599 154 827 713 918 329 670 386 376 621 786 855 998 512 485 720 400 102 86 876 156 922 8 217 618 378 242 734 131 62 143 651 634 440 878 140 120 31
900 798 848 766 837 870 986 159 920 524 637 753 436 895 402 81 465 890 721 360 245 12 383 19 318 317 684 145 700 226 972 857 721 482 357 760 621 776 755 760 801 74 201 79 917 943 871 78 110 514 734 231 829 550 21 257 279 527 422 817 890 780 740 444 939 376 974 454 136 266 926 279 105 884 572 100 662 919 761 872 373 481 770 502 613 501 691 677 487 456 297 793 57 761 236 103 696 951 110 89
611 844 421 583 189 627 435 274 265 828 752 710 554 936 109 326 382 530 561 735 106 886 457 329 739 650 518 857 977 643 924 896 493 192 398 641 301 553 46 1 498 307 98 545 590 461 472 465 330 297 235 828 921 135 938 778 210 633 796 105 557 233 453 614 569 762 542 903 115 893 60 90 352 100 436 730 463 273 943 100 471 663 871 178 550 790 616 849 905 890 367 643 518 242 601 514 867 468 566 50
762 979 198 253 580 865 25 698 819 343 140 358 430 342 667 684 812 713 464 945 269 835 516 530 519 341 331 247 158 694 684 780 954 581 306 799 772 98 389 401 400 85 187 84 461 279 988 500 365 542 593 34 441 777 121 697 572 408 306 915 870 699 682 481 298 950 136 818 930 714 77 664 224 56 772 942 544 405 125 450 751 89 57 288 303 74 166 719 939 837 433 245 495 638 720 112 493 767 235 403
965 312 694 679 180 624 461 439 872 967 141 936 94 775 823 632 273 679 98 384 852 2 406 615 55 82 515 673 302 350 503 911 848 902 873 482 466 855 222 301 940 218 730 805 816 560 594 993 235 75 872 374 810 475 444 819 808 743 712 383 958 457 570 324 695 245 206 265 576 755 451 141 29 468 471 825 153 74 776 774 216 329 373 349 545 753 343 561 397 556 841 871 589 484 195 735 855 241 922 834
73 209 537 324 764 420 729 801 477 942 925 331 55 321 70 905 575 967 807 726 191 46 357 517 286 56 655 634 744 340 637 43 52 727 583 287 896 842 697 273 869 914 967 886 646 859 185 627 493 60 460 842 417 902 545 194 740 217 150 619 425 210 946 694 81 184 519 747 856 624 629 437 941 275 405 858 107 582 504 882 844 530 609 585 423 422 260 470 446 181 203 514 91 920 933 257 385 76 588 53
11 795 683 226 716 436 711 382 216 303 989 841 355 638 927 529 969 593 646 54 243 145 771 461 231 808 217 349 953 312 423 258 902 358 258 326 115 344 234 15 81 187 955 851 833 120 26 907 872 858 749 934 112 503 717 881 598 955 992 437 958 34 951 298 31 556 407 48 589 470 981 794 378 858 151 297 948 611 340 618 755 442 798 608 613 276 245 328 578 745 655 130 593 917 920 848 409 667 736 568
728 602 612 311 594 713 381 634 148 67 53 419 154 314 845 698 824 637 388 216 265 928 100 253 127 33 765 608 891 362 843 296 189 296 78 934 8 398 330 517 702 236 109 22 577 668 845 182 989 43 511 507 488 392 318 804 506 663 182 749 323 369 9 192 680 298 548 9 575 102 961 673 927 596 645 566 517 852 551 268 504 142 128 895 150 371 282 293 986 652 267 364 498 858 225 149 380 755 888 247
328 28 783 618 633 546 356 738 456 318 477 867 557 446 726 879 368 432 105 312 969 341 222 496 843 272 42 561 847 416 75 843 383 431 928 183 151 935 750 745 94 811 115 701 779 329 795 474 398 197 966 996 741 130 540 699 56 746 90 96 873 851 148 990 374 764 649 378 481 596 317 306 351 875 397 565 163 151 77 430 179 99 339 633 712 821 56 473 268 34 818 899 444 339 689 857 420 636 453 884
641 918 535 890 681 612 403 294 99 342 130 325 616 768 692 649 463 309 270 411 668 410 556 447 661 942 793 638 829 467 898 572 451 196 154 751 672 826 604 429 645 694 341 551 10 233 614 506 564 812 746 429 899 698 299 926 53 11 98 281 946 363 406 142 136 626 951 942 532 789 311 108 383 815 290 4 519 765 967 491 930 605 778 321 677 266 795 869 650 687 459 967 135 601 158 435 692 823 335 290
123 547 525 293 898 297 386 99 49 228 372 978 520 623 573 725 783 735 537 521 375 271 217 681 236 627 101 520 601 734 268 978 726 683 671 745 100 103 347 766 102 649 855 529 723 825 405 560 996 260 811 788 202 955 938 630 72 337 623 54 853 107 206 905 142 257 274 268 541 744 457 806 348 879 191 447 25 410 546 863 662 632 968 453 76 580 974 638 621 912 661 746 566 577 982 685 437 564 22 597
848 374 138 378 121 645 489 569 861 422 686 430 357 386 507 425 728 420 467 332 488 865 875 343 949 958 996 131 821 891 728 48 456 389 688 155 822 4 745 955 708 156 668 398 501 349 946 887 736 690 356 21 516 512 834 519 725 597 442 502 775 507 656 924 701 580 596 804 249 378 419 784 882 968 214 634 268 343 414 82 523 778 798 318 208 584 31 875 578 609 69 715 699 90 544 168 588 396 878 736
37 878 774 844 772 338 145 361 479 232 629 77 434 549 405 825 316 825 124 388 471 278 733 807 216 205 717 221 570 806 131 868 204 405 490 660 59 411 975 926 462 900 887 435 571 117 728 954 526 12 52 48 277 902 465 145 683 652 892 866 116 19 969 342 823 496 528 953 399 652 809 223 738 265 523 507 526 510 234 112 802 646 767 784 152 567 681 110 333 168 702 293 578 854 197 656 896 551 713 859
854 149 338 711 848 267 919 513 487 666 373 975 98 698 424 609 484 619 694 262 771 937 559 796 413 406 132 343 981 294 450 393 490 547 569 737 514 913 949 5 759 597 73 735 495 506 322 129 765 230 853 914 734 239 344 593 271 440 668 896 914 841 793 208 384 573 853 499 402 87 437 388 458 832 546 66 136 740 535 916 159 700 419 596 986 717 549 78 409 392 211 56 738 755 607 694 611 167 496 904
75 87 218 371 70 38 262 641 485 541 268 336 601 565 768 461 803 703 282 269 438 933 186 812 488 837 368 901 423 412 830 96 114 944 859 691 517 195 791 556 486 547 92 767 259 650 364 812 901 426 593 631 706 82 790 50 645 789 190 327 354 755 663 984 598 91 189 525 465 345 779 513 842 390 346 619 581 691 608 11 593 769 802 212 189 290 254 316 45 785 55 25 502 626 74 710 849 890 414 754
625 21 774 820 457 180 399 532 92 770 67 649 269 54 60 797 191 273 821 236 10 924 790 910 665 748 731 217 379 446 648 617 742 121 337 349 999 739 883 907 172 396 891 161 413 879 230 114 64 890 525 104 619 595 965 370 277 744 775 278 198 23 797 65 504 840 160 533 858 713 301 983 424 778 979 731 928 253 979 0 134 115 72 664 721 96 762 390 960 758 861 630 3 611 173 342 140 102 163 758
295 346 59 422 326 842 34 471 878 257 512 385 490 397 450 175 195 402 984 292 797 671 145 802 341 486 389 957 639 553 671 898 65 14 825 56 245 963 685 37 124 330 676 316 291 597 193 934 709 647 45 129 301 186 116 729 110 430 112 661 255 701 261 767 393 8 354 669 128 197 19 236 464 655 218 408 404 379 727 480 164 682 180 167 344 47 57 855 528 208 595 287 414 569 857 647 493 397 827 311
470 332 798 649 439 824 680 952 607 810 701 432 377 32 927 97 223 424 218 533 405 149 197 336 142 656 176 655 589 438 488 308 883 888 174 743 710 821 269 988 159 326 786 979 29 485 696 870 933 667 72 234 953 442 607 599 958 365 790 637 190 77 164 459 246 927 162 58 892 654 441 48 159 894 365 235 157 283 141 180 888 929 346 46 100 633 835 673 841 493 347 841 843 926 805 852 162 831 993 30
926 95 172 380 706 109 709 816 17 192 921 132 299 534 303 152 76 815 125 119 608 375 176 161 526 959 117 667 184 138 144 321 915 767 8 260 774 567 17 774 798 421 529 618 588 495 820 495 470 647 110 498 803 949 184 933 207 902 374 186 8 695 919 313 580 138 278 336 404 178 538 800 661 783 662 941 820 909 658 115 992 419 69 790 116 24 911 738 914 843 978 750 31 966 563 723 565 462 688 936
707 385 496 339 791 371 646 661 254 815 889 709 175 841 662 181 932 927 861 878 832 89 823 265 999 648 377 831 335 928 683 623 816 928 48 323 587 604 105 188 837 562 533 63 158 690 938 23 443 602 622 357 164 383 919 549 785 576 881 91 620 392 330 249 103 867 730 84 479 619 718 491 406 670 878 865 1000 595 978 779 244 852 51 629 939 485 500 404 705 707 947 630 782 51 47 411 388 231 41 839
662 153 697 467 693 30 151 783 821 803 211 276 60 949 193 238 558 169 266 981 86 812 881 981 750 187 603 559 540 275 863 295 756 778 92 662 386 272 776 843 976 727 76 966 138 176 598 715 787 83 764 280 40 405 880 676 600 837 613 673 199 508 495 117 166 594 314 602 809 343 699 737 174 488 122 924 102 117 87 244 701 395 678 156 655 384 847 746 628 385 620 65 803 370 360 583 151 512 395 855
600 140 434 994 23 779 424 333 533 630 371 708 304 931 884 936 53 591 554 265 281 478 154 656 712 581 119 250 277 453 38 85 864 816 807 373 267 790 24 724 82 744 253 14 971 171 314 986 605 944 960 326 996 531 509 463 441 715 507 593 659 891 913 292 601 955 24 739 11 846 962 131 105 937 930 30 839 41 130 597 287 707 695 275 21 186 25 269 901 826 218 100 889 411 983 683 328 914 452 13
639 795 873 255 29 227 969 440 572 878 886 353 500 809 493 711 547 303 663 92 892 726 34 737 998 684 628 394 436 477 547 821 87 575 263 924 179 676 431 640 559 108 28 901 368 196 630 197 663 779 747 774 455 577 843 706 313 357 10 784 561 987 595 316 963 995 964 623 194 157 837 881 447 330 975 878 762 573 986 810 766 394 315 366 258 0 78 274 138 630 237 798 962 643 130 983 967 145 488 804
804 227 207 990 666 575 809 254 691 772 363 14 48 735 419 487 677 504 108 737 15 93 479 920 644 190 695 708 837 179 185 650 504 266 400 792 385 660 858 311 940 751 353 71 417 406 475 463 902 421 734 294 720 51 174 23 277 627 914 831 272 47 308 893 625 91 376 493 570 115 751 761 374 906 291 10 887 185 489 839 909 483 32 63 474 857 732 586 250 607 809 688 721 114 467 49 261 635 360 549
190 256 121 77 968 703 141 891 468 335 584 901 370 802 392 709 185 735 88 342 880 635 213 286 121 594 251 778 985 996 333 709 776 317 97 878 412 869 500 324 637 129 226 785 207 748 178 887 757 173 616 841 631 946 498 793 746 179 392 937 751 869 112 780 704 492 193 824 758 966 799 142 116 942 912 385 221 534 914 922 40 387 954 52 634 348 703 218 1 856 383 790 562 817 209 265 78 555 549 497
19 524 261 153 698 707 331 465 995 680 710 315 774 303 579 420 267 274 991 252 67 423 678 568 455 977 409 890 275 870 872 516 947 913 599 172 1000 445 545 104 908 44 994 314 982 535 114 773 415 878 889 371 780 969 213 841 393 447 277 599 210 789 685 700 756 480 770 591 510 350 703 510 726 955 38 846 104 346 808 450 178 96 867 686 648 529 558 360 100 955 843 246 93 2 169 802 960 732 5 243
200 435 618 353 318 192 61 423 59 578 202 645 114 863 213 140 373 0 548 526 598 481 352 278 454 372 302 818 796 799 25 60 317 422 818 995 728 472 745 37 390 789 740 789 334 146 555 362 812 775 334 475 929 882 164 53 483 803 654 539 664 466 791 728 638 441 106 920 575 243 279 926 922 54 641 246 936 419 577 117 575 468 117 20 143 542 848 617 865 780 586 682 503 128 759 515 556 7 728 676
691 844 951 188 716 443 262 108 762 581 937 203 428 344 576 473 283 889 852 768 991 439 670 998 738 889 843 386 793 32 169 880 574 488 631 644 392 884 463 505 854 736 174 574 210 204 796 144 665 41 184 462 751 848 307 411 842 528 452 182 339 721 782 732 261 730 260 857 125 611 392 324 1 288 249 593 173 976 929 529 462 771 63 278 31 121 483 654 850 411 380 871 855 60 114 448 137 47 551 92
165 166 269 897 366 756 915 604 187 147 596 142 748 294 107 767 917 906 503 793 626 29 631 322 389 499 845 117 646 213 356 435 404 959 112 118 133 965 748 96 258 902 295 197 746 610 887 158 703 232 621 629 939 603 21 456 633 130 712 25 848 569 433 61 182 849 578 265 853 199 675 469 886 30 415 180 243 49 466 976 141 120 725 614 605 673 770 160 397 378 211 994 184 539 481 623 432 534 168 895
499 817 327 565 347 294 633 722 832 756 160 824 793 872 395 85 890 727 360 412 268 340 843 674 658 813 410 445 53 869 557 971 605 803 741 799 682 272 469 122 995 993 534 635 551 790 612 503 598 731 370 328 626 575 162 852 252 307 819 10 969 141 763 373 181 871 867 610 507 812 676 31 785 377 187 259 892 220 230 827 727 490 570 576 986 670 965 700 639 189 855 188 520 361 433 560 191 355 216 162
561 421 712 330 450 268 422 483 116 770 815 900 120 891 398 253 801 419 480 952 671 599 518 713 644 819 123 386 879 967 309 477 353 580 502 450 933 131 785 638 30 474 581 841 760 590 822 886 728 567 464 667 370 193 784 439 250 266 374 997 100 545 473 44 794 54 833 521 475 297 937 420 624 376 897 188 361 538 71 450 40 519 780 58 562 397 676 237 37 515 191 563 687 223 471 845 464 755 722 976
349 557 696 890 785 505 101 750 924 758 430 723 369 411 490 368 839 401 968 412 997 137 918 173 566 147 314 259 18 760 735 337 425 216 280 926 330 272 718 825 270 195 829 447 42 753 110 342 812 558 65 832 583 649 126 38 912 118 282 137 917 487 342 704 291 443 939 552 373 571 557 821 158 541 732 434 125 645 81 70 52 827 942 692 863 7 836 63 676 31 53 392 140 260 922 273 260 236 859 950
327 841 325 554 458 409 653 158 165 62 340 195 6 388 584 813 355 938 54 290 219 245 743 572 3 260 655 711 0 454 688 419 156 56 928 942 519 347 384 688 608 770 391 709 170 620 678 567 63 252 721 695 805 119 592 441 569 405 827 484 80 468 350 787 495 604 802 139 292 30 816 418 84 296 14 816 367 82 349 898 126 426 348 937 153 793 777 154 230 11 332 867 200 411 390 620 795 866 932 864
20 458 714 527 227 558 421 525 439 715 657 865 968 298 931 386 732 377 38 414 583 669 733 634 249 893 212 195 23 57 927 361 475 883 494 436 25 225 655 33 597 590 466 623 762 919 383 176 197 524 888 568 565 691 157 950 287 622 254 728 304 554 285 192 45 543 618 338 186 971 717 799 160 313 305 132 703 52 405 14 996 793 176 121 99 842 181 936 994 653 359 737 131 703 114 587 916 645 915 178
957 919 291 811 591 308 665 446 355 163 573 362 142 102 930 419 144 91 582 372 918 384 70 279 802 444 923 960 962 378 224 797 210 320 398 72 604 227 313 350 121 73 31 924 899 691 619 890 371 199 146 226 170 442 980 748 891 821 923 6 840 46 736 358 850 948 534 821 12 290 392 857 989 755 977 851 775 609 880 817 11 307 0 563 857 308 540 334 849 953 896 919 673 957 577 775 655 859 911 499
310 803 327 400 245 202 501 693 978 411 466 429 284 89 311 922 217 993 518 152 76 110 324 179 89 811 720 495 112 609 665 433 6 401 377 979 470 137 976 917 371 955 774 4 311 683 31 420 333 92 196 487 189 341 490 467 3 102 991 186 964 729 35 24 356 255 350 788 606 968 32 200 45 69 326 717 609 508 131 306 712 925 181 423 896 295 210 953 117 401 238 728 446 721 885 318 137 540 635 979
