100 100
562 211 340 281 553 766 426 65 644 705 494 659 217 740 978 855 158 968 554 655 670 258 669 574 79 708 997 28 882 613 65 354 191 577 271 49 647 661 454 789 672 981 520 371 892 101 196 828 326 138 819 321 379 801 557 956 657 146 365 954 354 196 316 395 831 849 226 725 769 98 90 270 814 379 254 834 512 161 150 11 626 328 307 84 797 623 420 441 717 864 390 695 231 793 494 266 844 987 769 884
76 56 518 975 790 869 567 144 59 376 853 2 389 348 463 128 81 17 815 848 655 893 157 719 931 321 262 99 782 870 981 841 955 681 368 718 461 958 102 129 964 354 524 990 125 271 885 302 355 389 11 838 301 234 546 689 310 757 479 871 317 100 529 72 979 2 379 234 745 504 853 604 237 488 556 182 764 4 194 319 222 395 767 482 716 16 197 827 848 393 70 452 601 768 805 666 420 621 763 430
750 908 400 24 136 422 781 164 104 982 633 177 543 55 343 267 821 482 554 273 124 117 616 453 335 777 352 366 356 76 591 97 714 92 671 256 543 608 979 815 497 105 234 925 536 775 155 735 905 330 138 421 2 604 119 692 36 133 269 122 510 738 576 943 12 111 566 971 610 629 449 305 662 219 842 163 511 430 913 401 61 343 688 348 823 605 369 137 13 800 697 233 555 839 414 217 189 396 36 640
385 613 811 384 972 248 872 235 640 283 284 255 704 986 600 808 645 917 403 751 770 52 435 60 237 90 365 438 302 226 421 127 467 719 192 624 23 589 849 576 29 736 465 282 264 212 544 181 917 916 457 683 360 479 395 657 641 95 863 487 507 82 462 51 852 476 328 213 978 551 139 838 453 676 409 346 337 951 764 307 880 989 515 454 221 862 509 191 114 65 202 700 816 697 270 979 523 127 51 943
357 732 625 354 20 185 659 28 257 923 928 400 302 694 876 665 292 705 297 821 589 829 567 131 708 881 805 985 687 678 690 322 134 453 476 808 940 178 311 424 808 239 70 705 361 349 753 41 219 871 294 211 699 752 287 326 362 754 403 527 894 2 98 1000 272 502 34 870 770 547 486 360 813 176 453 945 845 368 536 663 835 256 833 127 670 473 981 435 451 533 889 224 832 982 737 380 738 484 798 120
227 57 626 893 860 92 281 946 27 616 85 731 505 649 976 577 36 37 911 216 13 409 565 691 213 709 383 229 476 245 266 83 779 93 864 291 936 938 41 601 109 904 520 902 821 849 425 350 556 214 780 911 729 581 574 229 411 1 60 172 718 906 453 92 273 756 413 994 930 191 707 567 946 829 33 568 323 980 199 790 598 287 670 636 963 540 141 722 593 319 432 42 948 892 697 267 336 416 821 46
136 558 916 655 407 108 387 295 861 518 214 736 553 346 461 949 691 690 779 759 506 896 339 256 953 21 380 394 204 171 394 451 21 854 425 37 892 746 482 523 460 369 85 394 493 281 974 164 716 420 399 514 689 819 112 488 161 81 336 82 154 287 170 985 424 641 625 409 443 680 378 752 819 275 765 139 171 39 419 832 683 205 842 934 504 709 176 650 682 972 532 728 997 325 151 5 748 855 290 783
42 29 21 182 153 631 463 104 710 974 958 913 98 25 66 41 192 655 210 206 935 649 613 311 401 86 74 47 563 841 892 235 513 831 639 170 694 199 727 527 891 301 557 9 59 873 935 497 53 984 49 29 127 122 942 534 113 172 601 691 355 469 439 685 946 144 922 76 504 697 33 821 99 663 593 702 989 204 486 198 54 265 837 695 188 904 657 86 178 672 345 3 770 121 411 628 3 948 952 277
877 863 609 953 435 67 591 246 993 310 967 722 782 799 229 428 916 164 994 969 575 984 486 657 612 992 695 578 894 938 766 142 156 733 528 744 771 902 72 742 859 36 427 153 131 159 467 829 733 482 241 1 715 415 989 270 583 641 301 784 979 58 119 226 492 169 209 974 602 150 884 914 826 261 839 654 715 611 881 798 301 201 268 313 899 511 856 607 370 696 925 346 285 383 435 207 485 35 260 538
612 442 761 275 825 88 319 966 870 58 260 419 92 643 841 650 376 843 600 928 636 373 368 674 974 957 473 596 19 490 783 337 852 172 72 834 344 914 189 724 457 834 904 178 751 765 966 870 940 79 169 710 604 582 971 743 771 74 975 607 812 684 511 535 837 443 41 173 251 548 907 89 255 677 808 342 132 890 109 276 14 832 368 6 372 11 260 376 52 824 478 379 208 891 699 618 673 532 586 703
591 861 123 217 838 135 805 198 557 129 901 598 913 912 174 321 132 111 478 480 296 678 418 891 123 277 856 128 662 806 503 40 195 702 643 842 123 88 745 797 827 564 167 476 820 544 455 38 741 742 407 152 682 815 397 518 982 251 140 130 475 12 419 878 128 329 103 353 180 556 384 373 406 651 230 15 845 818 228 991 810 726 53 129 258 28 811 291 689 367 151 119 634 231 932 280 783 608 567 749
481 283 656 975 873 939 844 445 449 636 328 734 607 444 644 867 395 674 433 496 273 895 994 652 197 758 354 716 107 296 907 215 858 580 382 0 773 685 149 757 367 535 784 953 90 880 859 434 394 45 880 511 761 418 956 968 595 398 893 41 569 658 473 236 211 136 700 779 371 648 818 383 482 658 52 905 369 856 541 121 202 328 786 201 951 307 556 486 886 803 658 519 269 328 982 438 27 99 769 849
257 462 839 12 85 99 969 738 380 954 549 680 854 989 207 33 583 462 970 907 94 867 21 202 761 787 942 376 543 745 188 30 80 866 323 594 249 8 469 153 216 314 632 381 578 351 326 502 249 233 269 488 833 271 210 330 724 708 251 604 343 715 551 354 517 163 946 856 145 195 430 896 132 128 927 469 860 524 373 212 634 388 761 489 205 478 451 325 733 252 807 346 296 858 301 104 695 276 202 182
523 282 953 948 201 382 523 189 163 539 337 957 781 791 730 137 550 922 532 107 417 735 937 318 155 464 143 771 831 190 749 838 688 59 387 543 45 530 127 4 11 899 730 902 785 890 286 411 468 278 427 253 329 248 507 927 508 126 197 144 330 856 700 474 563 756 813 301 969 813 343 280 535 632 746 327 889 858 262 791 63 947 515 682 894 917 196 910 521 974 16 834 490 148 486 922 709 824 935 76
935 874 191 644 336 90 555 81 9 910 700 899 97 210 476 288 993 835 160 283 901 315 501 240 888 924 49 706 583 339 136 859 125 645 629 570 510 255 157 44 427 659 874 977 107 370 296 693 397 872 656 99 728 685 130 454 348 294 473 981 287 251 943 699 836 856 24 815 754 130 857 455 124 935 450 229 500 658 105 837 606 695 925 902 703 645 557 305 14 491 836 953 391 421 112 289 701 310 114 996
792 10 802 960 613 505 47 271 929 144 163 1 328 215 879 397 677 736 235 34 187 384 350 758 385 441 59 877 854 139 774 355 429 735 950 932 398 138 302 588 128 965 239 928 498 451 97 338 445 888 663 605 222 185 385 511 33 874 23 376 146 747 562 384 656 239 480 769 145 207 78 654 999 413 825 721 356 713 467 124 663 979 923 321 489 823 803 475 289 892 738 384 507 739 861 949 746 46 692 824
569 798 786 818 200 481 450 278 130 921 515 923 970 362 58 158 847 595 933 611 671 580 390 945 73 875 958 77 521 798 289 136 311 341 219 548 404 40 224 872 479 867 53 663 183 465 71 110 625 341 600 408 276 710 80 71 11 76 696 540 815 49 427 436 395 800 758 50 489 60 590 770 606 356 239 657 5 417 266 584 174 203 278 461 273 319 737 734 465 46 963 374 712 454 505 139 498 205 865 39
343 282 716 99 350 384 893 115 263 806 310 441 240 867 12 95 826 897 880 981 666 547 987 45 32 5 706 937 380 465 544 219 235 863 952 371 118 322 178 391 458 650 341 705 145 241 102 127 36 366 387 211 281 606 715 141 384 658 59 726 19 932 979 594 221 789 213 794 634 31 431 804 396 922 426 473 486 997 115 212 650 137 86 700 826 745 743 269 149 578 709 674 597 684 426 161 120 841 950 606
820 167 287 920 835 541 190 645 480 965 405 138 913 229 358 808 20 834 501 722 701 747 593 110 460 907 136 330 555 878 348 994 428 921 373 2 912 46 190 141 265 280 883 31 622 184 593 943 571 539 755 471 325 831 940 936 345 14 636 479 695 304 448 532 690 124 285 793 18 726 496 476 146 727 885 672 316 431 119 486 622 220 190 78 585 152 926 593 709 194 312 276 570 680 510 964 642 502 762 885
79 678 576 865 412 513 746 57 683 659 441 244 844 287 771 80 866 118 234 68 242 392 436 686 304 461 474 225 647 68 886 814 39 173 798 268 552 246 484 88 8 21 133 869 913 851 696 672 335 610 693 319 466 643 86 155 386 639 427 324 118 124 647 763 440 799 369 489 353 37 417 391 908 822 861 20 455 427 989 261 637 156 283 652 537 775 835 139 317 393 920 850 358 93 532 271 209 559 895 341
947 105 121 676 208 557 597 212 452 667 864 459 853 812 539 439 973 288 174 495 534 178 774 256 675 434 473 865 228 144 854 290 560 519 78 299 178 680 754 992 904 410 922 46 32 442 289 644 508 467 710 661 474 781 193 962 162 288 67 545 281 664 670 229 468 358 922 202 41 30 39 781 240 586 178 613 419 748 296 947 811 390 713 978 772 427 799 760 143 55 282 751 974 861 937 884 164 971 522 91
984 982 777 162 444 941 372 473 628 782 162 380 857 135 442 794 39 840 594 112 465 932 733 732 279 955 705 945 114 275 578 321 479 973 482 354 17 465 885 47 965 902 437 474 404 260 305 539 305 58 585 954 33 357 283 718 39 223 164 194 962 358 375 411 799 594 776 268 974 635 993 219 856 50 482 123 890 905 232 618 196 899 97 597 397 920 239 81 381 823 593 92 608 602 945 7 597 507 302 253
177 914 930 885 857 739 429 788 389 209 475 73 923 856 301 711 879 6 35 234 40 891 277 390 54 966 356 818 280 897 161 712 183 417 488 235 830 735 750 587 29 383 618 988 488 819 446 372 17 433 422 474 810 367 951 612 775 326 417 462 114 610 778 722 652 142 419 540 195 964 548 690 920 786 471 368 380 966 575 849 463 535 766 140 285 773 455 640 133 239 260 137 538 690 515 882 330 102 966 188
764 479 421 841 273 951 356 441 850 278 478 502 259 182 93 383 51 771 409 785 636 797 715 582 802 249 565 657 205 864 39 928 406 574 132 802 136 166 513 88 902 602 585 369 869 503 321 849 379 245 546 650 351 489 324 693 805 704 440 149 477 147 456 987 534 63 374 8 434 248 741 869 354 188 875 693 959 44 79 280 146 924 132 721 107 652 674 59 602 980 355 607 997 54 667 144 667 823 590 757
653 299 455 656 136 787 181 728 963 127 178 673 802 368 226 199 866 297 630 3 148 923 739 608 901 146 218 311 91 831 117 527 827 849 162 69 334 427 654 75 302 917 980 404 94 726 391 492 610 281 863 752 573 765 40 799 810 201 39 52 388 462 674 367 927 945 552 908 795 924 958 569 384 949 93 293 532 709 254 945 288 962 581 979 242 861 256 560 363 297 554 293 588 197 896 710 965 940 996 190
684 137 240 501 355 161 125 684 715 663 225 645 790 804 472 247 716 689 982 698 662 762 53 406 170 91 43 210 899 806 506 757 314 451 837 259 920 781 7 690 788 472 725 245 613 838 7 96 667 514 169 437 364 288 571 14 26 425 945 681 965 36 842 974 978 47 632 779 408 911 726 820 732 992 768 565 859 49 750 110 237 937 915 445 162 960 344 74 568 175 971 394 643 51 821 696 30 588 981 175
296 888 489 551 819 530 908 190 185 87 766 430 624 710 787 100 600 123 466 760 705 887 126 92 238 182 831 903 718 728 44 197 964 135 592 804 572 690 489 377 246 392 234 111 132 642 824 742 152 64 86 166 181 577 759 174 963 527 47 440 745 517 908 143 577 900 982 965 163 730 155 121 71 999 146 488 475 511 314 669 249 296 120 449 619 15 696 542 243 917 312 310 1000 538 243 107 47 880 314 67
868 89 240 665 105 24 535 373 525 899 422 210 621 362 871 686 922 152 437 133 119 383 269 218 653 273 566 163 962 970 422 64 666 927 956 558 903 221 640 943 658 514 923 941 118 197 349 660 688 778 678 912 940 917 175 820 612 544 515 80 803 647 745 896 475 617 786 406 830 233 331 426 744 973 795 37 532 478 164 265 659 142 822 66 777 301 747 663 670 731 41 146 940 986 42 181 153 159 752 708
596 258 108 657 76 144 885 407 95 833 162 827 78 124 396 65 48 911 670 17 971 373 407 158 914 867 997 295 322 472 338 154 803 504 502 757 942 174 847 789 240 39 762 493 597 632 660 978 116 788 0 944 373 32 122 460 361 625 94 330 543 795 501 721 213 517 521 785 48 271 345 171 101 37 377 729 43 617 13 277 882 197 768 370 987 485 877 44 47 714 849 14 165 728 886 321 401 712 111 360
143 846 822 486 340 261 581 318 383 321 714 851 492 94 386 285 692 663 582 60 115 476 524 507 983 518 386 941 360 983 725 847 583 259 291 809 240 886 485 59 792 316 979 291 323 163 939 834 499 119 356 65 529 614 659 404 993 590 217 31 774 937 52 712 313 588 591 708 312 822 851 12 605 108 195 943 608 243 309 637 312 777 54 78 318 482 153 420 779 953 749 21 793 124 21 984 722 469 326 313
585 166 128 402 805 74 356 73 922 608 175 505 60 277 86 901 587 690 114 865 296 8 203 871 821 596 233 138 879 95 289 150 1000 309 239 77 261 376 934 32 607 484 339 32 414 649 100 640 820 370 384 548 14 740 74 779 38 486 212 821 397 126 490 978 395 735 59 485 955 688 266 556 912 629 198 27 471 778 40 884 358 188 207 9 745 623 484 553 585 271 31 528 381 587 192 16 358 301 36 278
493 132 107 511 136 841 316 901 938 443 679 776 79 33 838 896 368 660 945 912 890 980 885 660 525 201 252 416 115 860 199 120 482 633 510 934 44 777 167 126 65 535 435 107 483 770 98 382 807 483 758 127 41 975 802 80 852 910 239 561 387 27 51 821 234 184 21 46 875 66 252 111 535 144 849 495 671 639 358 782 408 634 905 822 309 317 500 426 665 172 87 861 808 80 898 277 654 373 785 54
93 604 255 928 95 699 860 703 111 678 244 576 816 748 935 214 699 169 635 922 460 463 443 826 159 995 470 72 230 131 444 964 609 37 501 355 314 244 358 748 713 5 436 775 328 713 758 427 108 306 532 113 653 326 862 107 324 519 9 938 738 419 232 36 78 669 347 405 305 641 161 317 100 114 819 173 517 177 417 916 12 981 925 776 427 845 706 32 593 730 45 418 531 390 681 979 155 107 988 562
180 758 883 726 845 971 815 393 327 408 447 522 176 817 395 827 798 222 875 583 378 517 64 249 502 171 43 509 450 852 8 241 405 485 132 332 420 255 518 194 208 673 330 269 599 752 680 41 760 381 700 398 811 868 736 233 670 959 608 206 735 414 605 370 811 59 389 592 738 60 924 131 496 735 28 295 282 772 429 988 213 596 83 376 701 860 185 614 886 512 304 903 84 275 477 807 798 914 760 636
264 537 209 400 752 625 648 700 876 548 394 926 762 850 383 68 657 124 666 103 237 664 597 499 735 935 667 856 218 132 835 941 368 13 407 1 734 317 628 984 563 869 435 994 938 674 853 292 263 117 732 611 805 738 446 324 557 19 30 650 969 880 73 382 918 143 55 823 17 904 202 943 971 493 275 990 548 479 244 537 828 230 368 959 118 778 704 28 714 8 760 812 936 214 448 923 221 470 95 170
207 269 856 548 898 979 504 864 538 552 655 147 787 752 308 283 445 30 73 50 26 821 541 678 325 24 153 266 444 461 539 972 825 33 260 975 663 124 886 644 211 221 898 26 742 525 921 9 34 197 322 562 522 808 298 495 357 269 99 365 173 349 662 167 832 912 259 870 915 538 12 116 216 377 760 742 783 772 347 30 854 954 430 781 515 393 41 431 958 83 943 648 252 978 423 281 458 311 285 626
406 483 59 479 301 22 571 458 372 50 879 878 92 833 566 607 717 4 541 498 118 615 996 668 599 337 373 272 661 881 212 68 177 650 913 662 34 42 41 774 431 32 643 113 233 692 570 756 356 753 633 974 145 889 477 900 876 86 692 935 197 704 392 405 22 977 190 72 903 720 318 211 106 989 965 780 88 155 505 265 127 593 1 88 710 517 736 294 276 95 315 70 69 757 362 525 159 448 531 211
96 585 537 904 112 501 838 756 69 517 194 662 472 725 584 150 989 173 351 146 835 641 578 311 300 833 5 756 845 307 186 752 895 163 128 1 914 59 741 952 631 377 357 192 210 786 929 864 624 476 452 729 884 697 101 672 706 197 525 40 567 802 492 469 106 757 904 975 25 19 15 406 642 44 49 708 673 415 159 319 756 158 196 532 309 428 651 28 538 554 891 263 910 511 786 858 457 36 534 856
93 165 828 921 373 221 215 248 948 245 743 854 824 252 419 584 889 232 18 954 584 738 629 614 204 864 760 405 71 61 796 454 754 956 687 139 350 289 956 260 384 488 719 671 415 183 40 849 911 143 947 783 512 884 776 793 988 655 943 442 765 107 122 529 219 398 171 65 991 118 353 215 234 790 27 496 198 589 22 985 768 314 297 659 914 84 405 559 903 816 925 274 970 607 654 530 179 954 664 815
758 920 787 6 848 469 386 732 989 565 868 973 767 795 900 737 906 359 15 819 923 635 412 510 622 830 769 677 800 630 598 880 906 344 960 77 614 536 339 438 812 938 51 729 909 919 95 410 109 137 802 743 90 263 777 664 298 58 622 327 896 192 268 319 587 606 488 990 4 107 614 359 406 831 829 100 827 838 872 203 652 882 612 33 819 401 226 661 311 125 759 959 590 372 222 758 284 70 524 274
822 381 517 668 581 949 207 231 56 584 548 964 777 678 207 549 15 370 988 358 824 577 731 922 206 460 978 639 19 125 760 206 90 220 79 944 463 978 93 336 238 351 992 423 957 613 715 829 775 602 740 389 313 376 31 498 962 655 549 344 124 579 803 898 991 100 614 296 879 20 987 439 476 51 830 730 618 326 277 405 795 981 303 357 923 795 943 450 634 865 502 995 410 916 343 360 34 91 946 596
304 75 708 986 85 841 550 308 903 180 817 368 279 22 502 688 748 906 236 366 661 580 851 337 916 666 477 412 745 104 356 840 719 419 425 538 513 700 538 661 219 563 634 529 738 623 932 40 696 303 508 89 677 324 982 722 569 179 393 605 903 262 559 850 450 511 977 173 179 307 895 590 26 156 92 786 279 300 186 879 784 412 699 999 624 900 256 611 127 906 815 904 331 827 507 981 891 40 626 892
440 415 865 620 194 429 288 396 650 705 908 518 761 619 367 19 127 358 675 3 472 934 826 17 70 474 877 693 835 806 202 527 21 56 458 965 940 525 144 942 640 586 158 745 553 190 350 823 492 467 714 901 554 134 34 705 377 330 883 220 265 926 953 625 233 949 455 625 845 448 283 440 548 675 129 709 946 531 667 390 910 80 40 853 168 909 83 661 141 696 64 205 180 731 209 173 601 328 459 362
952 318 543 900 170 748 734 857 18 263 641 738 597 900 945 294 693 640 983 114 854 608 344 376 716 727 460 968 524 834 286 488 404 774 334 47 663 627 275 612 23 149 76 538 4 215 123 271 963 867 237 575 463 137 204 457 170 18 455 170 984 258 8 442 72 162 926 538 698 656 338 36 544 539 880 769 740 290 963 860 699 659 861 17 622 856 281 881 128 867 79 956 405 834 869 80 120 823 0 334
686 67 741 718 597 358 614 604 88 679 940 78 666 890 826 630 528 989 883 476 734 171 214 595 679 481 310 125 464 267 426 741 933 765 77 865 700 806 164 712 509 89 224 466 46 905 115 478 609 691 68 135 9 669 193 498 811 310 348 67 195 422 43 371 133 956 194 781 60 646 167 615 355 858 989 89 794 55 34 612 747 900 362 11 607 327 868 335 312 943 344 836 828 644 329 566 138 705 502 398
373 310 919 284 905 253 990 555 759 25 106 476 344 215 42 629 784 888 376 605 145 865 592 440 386 540 644 495 277 841 611 660 35 253 90 375 750 550 82 20 47 823 226 663 951 341 755 475 84 309 974 408 13 193 460 525 505 756 745 129 940 781 417 32 656 598 161 584 393 580 696 273 93 537 752 980 894 16 434 689 25 972 562 332 351 692 839 244 65 866 306 663 604 301 282 379 655 672 991 852
995 868 601 156 907 425 204 434 602 717 676 23 347 203 567 477 552 769 903 655 35 83 952 68 117 510 473 400 319 460 288 930 805 932 24 659 881 125 892 399 111 122 855 562 651 324 682 126 302 754 790 736 970 187 134 436 66 710 28 562 763 745 264 235 281 590 254 59 428 966 749 3 445 613 256 136 484 940 617 805 403 677 672 752 642 914 268 910 825 435 708 176 56 462 56 404 749 778 746 943
653 711 173 318 404 31 771 234 305 499 424 856 135 187 200 56 129 759 849 977 381 295 178 7 565 210 992 860 36 86 643 440 437 580 815 488 945 442 810 625 836 230 364 972 544 462 624 389 250 87 980 849 757 257 118 452 974 916 458 228 648 480 928 26 897 951 258 348 878 440 548 529 155 471 59 99 72 939 560 587 519 976 432 489 3 257 400 43 292 938 903 72 135 109 584 138 31 554 304 997
252 766 752 739 278 120 265 598 54 963 996 953 741 953 338 60 777 260 410 355 885 952 447 717 155 617 781 582 61 899 278 13 376 848 464 220 995 195 53 90 773 955 175 290 81 798 956 925 93 355 693 163 754 292 328 769 653 680 529 928 6 493 159 470 727 272 306 803 126 888 351 254 214 943 928 872 228 845 680 300 547 659 413 689 711 264 560 112 960 142 56 365 749 997 136 588 532 118 150 661
45 257 399 306 174 326 293 402 855 275 282 96 820 107 313 489 185 560 809 602 563 524 641 882 706 922 301 346 280 31 794 122 299 443 332 429 834 675 105 138 653 58 323 395 368 996 86 592 681 259 114 76 628 192 331 724 305 432 289 272 856 800 551 964 113 174 396 956 278 550 954 0 56 192 877 21 171 846 856 874 649 225 577 607 956 700 52 949 141 844 46 484 439 457 778 161 694 454 183 290
431 729 429 319 836 764 624 475 343 645 480 470 404 870 751 679 872 541 259 674 234 210 660 13 556 844 215 241 169 198 139 487 765 527 29 471 529 439 913 258 347 659 946 733 346 308 700 85 131 911 790 307 528 406 202 741 842 956 744 980 812 215 237 805 658 395 744 82 601 544 717 926 988 127 505 436 710 794 649 40 932 735 770 333 942 881 195 698 547 214 718 178 35 769 836 536 4 737 998 680
55 50 234 785 408 395 379 86 550 423 341 239 488 810 806 472 417 849 466 57 75 740 640 562 669 923 17 581 531 249 427 580 994 225 944 922 5 3 738 83 632 232 358 622 684 81 471 388 616 693 312 811 805 553 106 116 882 405 825 213 135 627 225 143 718 871 753 421 970 138 999 307 769 505 364 978 705 847 745 527 383 252 539 497 396 5 853 418 578 391 253 291 792 498 271 364 238 89 533 221
742 419 116 769 475 34 481 189 873 387 8 679 59 334 539 552 693 83 858 472 620 143 600 656 234 18 425 433 843 682 120 310 554 123 271 84 759 476 201 11 23 205 899 356 526 406 438 172 35 830 833 681 590 551 76 975 445 309 846 240 500 961 946 95 973 221 135 856 122 759 588 331 916 726 168 659 619 454 568 267 932 814 171 44 3 513 818 777 998 27 784 563 352 711 278 430 435 993 561 487
673 508 922 814 417 328 742 959 409 87 696 135 762 649 363 623 748 326 909 234 579 4 915 96 613 20 710 582 960 828 689 220 160 359 269 642 891 256 295 680 654 872 53 94 836 837 697 452 416 749 779 906 923 246 497 98 241 671 424 225 603 862 783 296 472 459 876 634 336 625 39 459 169 89 274 146 414 619 204 983 675 450 575 77 985 620 336 288 616 361 608 479 402 20 953 957 195 611 304 708
280 909 95 608 385 486 744 490 989 440 674 805 578 370 146 141 530 435 131 465 323 907 960 418 688 113 666 86 154 988 365 853 342 228 234 955 748 200 235 28 548 413 895 108 370 88 246 954 969 489 631 178 160 717 434 539 333 277 546 42 210 45 692 451 181 428 525 711 515 91 511 778 321 877 581 841 105 864 792 148 528 697 238 590 553 872 990 29 843 309 188 400 155 69 307 596 9 403 705 681
257 530 736 974 120 26 308 278 882 58 45 135 744 717 971 362 745 167 190 683 914 270 566 196 343 608 360 262 662 71 267 364 231 67 15 221 399 14 352 69 378 794 145 284 668 940 323 982 924 212 426 590 61 753 296 813 418 96 197 106 471 905 999 776 817 640 371 357 58 894 546 686 80 908 48 457 327 924 731 576 974 580 687 120 728 876 742 79 776 195 215 500 599 950 179 780 364 31 436 963
892 183 181 582 321 500 721 928 826 442 616 842 92 476 639 215 212 634 495 126 813 173 306 661 720 243 317 455 903 721 123 896 401 225 715 150 424 360 738 302 843 799 490 175 13 916 111 950 871 449 859 379 673 85 449 856 94 809 834 868 160 451 127 937 701 52 661 136 734 882 236 767 79 619 119 57 358 493 481 278 349 673 176 586 499 987 281 774 377 43 830 459 441 494 679 684 338 357 594 335
816 171 246 569 651 833 814 956 248 512 258 194 709 220 760 711 843 255 745 380 326 600 425 191 362 620 811 422 973 394 662 957 542 565 848 970 190 46 541 89 297 399 949 127 826 248 914 680 431 638 707 519 217 62 628 237 762 159 608 52 889 171 570 680 971 802 640 978 280 575 94 862 27 556 253 489 742 871 540 242 350 722 741 558 810 101 707 981 992 940 245 727 66 285 15 969 659 78 635 4
212 3 324 876 185 558 194 733 688 370 87 441 637 740 792 336 264 186 23 622 918 365 249 218 777 663 596 9 741 733 861 715 926 898 874 270 101 127 80 724 971 778 231 818 434 636 82 180 162 573 814 486 174 985 788 443 32 789 234 379 154 695 225 210 506 795 976 810 643 196 963 637 90 721 186 160 803 329 80 123 299 286 514 549 409 466 10 673 581 450 145 627 708 988 400 756 154 485 452 852
140 213 768 744 769 598 696 738 489 159 662 708 831 534 735 286 563 253 524 187 737 63 39 754 749 244 131 219 199 681 247 416 212 398 373 308 460 231 43 777 94 123 372 824 494 203 311 813 284 964 266 847 145 644 84 600 902 982 855 425 795 798 682 703 86 292 74 664 549 499 396 349 749 400 959 233 945 97 837 413 311 141 228 255 250 754 167 822 346 559 215 993 591 363 315 1 611 901 279 0
997 379 58 433 965 37 513 501 552 929 219 85 155 65 890 486 195 120 87 859 925 819 512 941 16 546 870 360 829 805 758 347 175 522 657 285 978 69 988 0 643 448 634 820 485 159 718 131 684 330 118 19 237 894 183 399 909 445 804 317 629 508 191 514 443 988 89 364 902 848 703 324 576 487 376 765 583 922 397 586 861 50 953 283 604 536 679 534 363 654 708 15 275 864 48 635 346 825 668 593
639 180 900 774 261 783 418 431 752 964 753 490 626 195 997 545 622 511 473 798 143 496 820 126 639 760 982 713 328 606 168 472 378 243 545 492 577 674 587 15 956 254 603 768 2 348 759 141 36 856 946 920 882 993 669 582 177 774 8 677 41 1 429 606 844 241 761 239 169 928 251 33 601 367 479 831 405 642 599 894 335 860 321 921 525 139 289 198 808 934 137 39 529 202 80 987 591 621 829 574
562 582 193 901 618 984 141 887 230 953 76 326 503 882 779 338 181 23 122 399 43 98 431 716 136 112 736 971 234 353 76 365 951 993 138 234 740 261 827 278 985 599 699 625 381 843 745 367 609 377 161 384 7 625 881 323 495 87 955 462 269 826 825 140 786 975 886 624 318 341 476 701 770 53 421 552 437 409 490 16 331 524 756 344 35 738 919 928 141 730 91 512 592 712 446 26 847 808 307 898
321 33 591 786 267 633 264 770 358 456 299 883 43 568 456 577 877 231 20 26 502 626 771 996 462 74 165 291 717 416 786 61 876 31 206 847 699 506 775 816 258 703 695 443 59 156 275 29 963 311 982 4 769 673 913 905 92 507 149 407 212 167 820 349 124 229 492 163 43 304 619 345 190 142 935 28 771 467 299 357 145 916 728 423 413 201 480 475 833 220 236 783 752 9 316 964 660 324 90 358
856 744 989 920 343 338 629 608 146 921 649 719 392 892 254 712 998 439 544 451 280 924 362 494 369 689 498 458 241 695 462 513 29 538 78 168 540 372 348 419 1 745 232 331 710 935 509 690 86 479 989 737 915 733 219 972 819 224 808 958 952 781 146 943 779 1 304 947 736 970 329 576 246 104 168 664 925 622 297 799 373 127 615 115 597 650 333 851 721 473 741 714 495 592 986 622 328 893 202 934
268 179 91 43 30 377 163 933 347 758 380 169 364 389 881 656 558 118 645 402 394 710 595 663 432 25 446 422 679 3 222 14 890 12 944 45 51 644 533 100 496 574 518 782 751 91 276 860 587 38 1000 953 519 907 991 464 526 387 65 239 460 233 196 939 698 961 693 176 367 910 518 79 637 932 611 760 561 749 794 145 789 132 516 673 253 593 160 774 847 486 209 231 8 169 560 523 229 666 159 459
656 854 138 365 907 761 505 6 919 404 952 674 365 465 624 883 998 930 701 147 982 22 649 174 448 771 10 388 304 720 67 568 87 858 280 39 207 593 267 877 370 951 302 266 203 36 464 32 268 903 239 649 25 696 988 253 108 632 851 749 805 409 883 784 941 634 245 804 970 695 109 592 182 352 110 369 426 255 779 747 122 750 650 617 896 365 989 185 528 581 282 134 816 856 30 109 360 512 675 859
437 936 731 455 55 121 204 352 811 515 724 925 380 944 337 992 180 337 604 163 866 422 182 709 699 734 437 712 713 494 109 115 718 464 381 953 982 367 312 760 104 652 998 287 568 200 444 422 730 920 814 605 318 109 515 202 299 553 238 173 783 490 745 927 544 504 250 373 965 657 252 748 654 474 680 669 482 258 606 525 914 792 635 488 755 267 748 451 5 341 23 663 557 703 692 961 497 371 665 590
794 981 308 311 942 827 529 688 415 915 221 394 71 119 635 244 305 603 315 71 491 518 557 913 922 768 499 17 889 502 764 535 253 918 763 408 595 246 374 776 308 156 61 209 356 243 217 414 236 861 290 379 220 858 522 831 195 228 250 847 771 710 763 527 664 367 617 784 444 74 52 419 872 221 76 530 354 501 212 316 693 84 280 663 796 190 78 970 255 626 402 768 158 619 983 287 103 459 401 615
371 170 664 621 778 833 71 72 957 618 665 699 745 258 358 850 760 264 31 651 881 566 963 267 754 707 943 880 339 70 924 479 438 911 371 266 56 922 678 801 16 847 941 495 821 485 768 153 627 488 478 855 246 523 851 421 741 428 294 582 59 959 191 281 18 500 743 79 735 815 180 965 79 538 46 626 700 308 973 339 362 931 218 618 147 236 537 434 997 210 119 371 813 941 50 4 793 40 875 800
132 632 745 2 509 859 997 10 53 316 123 328 414 735 507 923 105 647 772 525 816 697 789 12 127 762 585 770 653 898 184 824 395 531 465 713 485 813 71 327 207 113 737 520 962 617 56 427 606 128 191 546 265 157 892 437 848 126 84 207 831 603 700 39 428 92 570 762 90 566 713 826 440 575 451 737 169 716 515 3 258 627 512 807 846 929 602 383 882 268 739 152 519 189 160 625 71 301 559 598
763 677 381 379 78 87 747 112 387 281 14 341 537 414 279 306 28 442 407 868 461 479 693 250 521 677 84 154 454 347 828 977 614 627 599 308 944 566 67 805 844 53 829 567 408 534 717 480 268 788 491 336 482 730 90 215 556 919 925 61 519 47 390 956 728 702 446 638 679 928 332 919 40 103 576 396 670 666 410 116 327 175 361 713 363 408 749 529 995 418 603 679 472 752 366 337 973 856 578 470
889 389 77 704 299 496 141 565 500 941 201 174 998 875 139 735 932 554 491 158 701 662 413 838 656 452 948 529 687 718 183 402 142 302 340 402 289 754 529 884 304 357 59 887 903 957 812 9 666 326 504 705 278 933 745 252 643 609 846 491 572 970 699 372 967 711 72 49 784 777 753 865 376 822 299 907 391 67 812 126 962 577 414 406 98 522 414 856 600 40 497 842 802 565 153 695 911 995 797 455
543 84 587 280 381 635 13 213 120 614 298 649 977 525 470 980 83 101 964 622 653 883 538 908 378 172 654 77 455 620 386 90 275 292 558 464 905 160 0 136 880 274 497 1000 586 506 311 769 0 173 111 877 279 947 41 406 390 901 431 813 312 968 541 648 420 920 217 370 43 910 311 971 579 12 135 77 307 229 441 875 537 774 34 155 471 610 307 360 792 725 398 271 706 587 798 88 938 570 234 684
213 530 881 808 548 658 259 230 163 491 197 677 30 96 455 98 88 467 289 433 363 816 826 163 588 141 127 811 894 372 567 252 317 32 18 90 148 656 45 188 364 612 680 494 45 362 117 522 127 766 941 13 949 161 128 55 529 543 869 278 316 103 523 620 41 165 155 636 779 401 780 734 182 657 11 803 92 164 551 968 722 744 814 201 363 962 155 108 931 849 687 514 680 263 966 101 213 107 875 757
39 345 449 794 613 912 641 317 635 263 656 52 68 530 981 305 263 844 63 273 212 991 258 240 183 905 267 858 360 603 695 300 290 87 169 589 554 827 885 832 553 267 116 984 676 788 253 998 986 699 685 581 875 387 219 359 301 884 245 154 941 590 740 886 211 3 177 815 932 528 450 64 280 914 729 501 410 608 826 16 580 643 716 362 748 172 831 322 722 17 84 634 335 4 539 196 843 689 805 8
92 968 351 859 311 365 478 286 238 313 145 252 900 217 242 771 355 849 992 672 178 42 160 246 92 419 641 551 454 416 844 529 4 915 718 336 91 442 202 632 373 654 100 787 495 649 305 321 94 578 712 526 395 317 91 727 782 905 617 295 103 921 386 106 74 617 381 198 95 103 992 218 223 375 16 629 242 131 584 868 987 61 29 920 361 101 648 467 339 60 307 948 596 859 227 888 352 931 182 800
497 145 66 68 199 597 792 345 319 18 106 381 231 50 471 796 941 867 110 1000 75 91 443 693 299 907 179 965 386 388 858 823 916 760 869 636 676 551 948 807 904 781 417 205 581 61 34 255 935 46 439 24 644 520 767 957 675 953 297 488 780 39 350 90 360 57 782 164 781 806 170 687 411 264 876 900 253 192 140 635 686 604 816 950 399 880 243 82 8 55 967 223 425 671 919 750 791 653 970 369
101 507 938 276 146 112 366 323 538 950 445 173 253 888 126 869 578 258 702 780 116 896 735 41 561 936 5 10 696 65 189 132 95 319 412 821 286 571 395 744 715 74 477 96 470 740 400 900 478 571 262 990 88 86 562 659 821 610 634 636 14 286 387 689 279 933 871 188 441 427 793 297 402 263 277 944 924 702 243 41 857 808 229 48 138 313 140 133 85 407 207 940 506 63 643 452 347 966 316 46
999 586 207 707 801 669 357 557 97 392 403 934 358 944 534 935 619 115 604 613 119 281 260 189 911 898 736 371 658 406 173 403 426 162 286 659 545 159 228 542 985 681 805 356 365 753 369 766 15 257 240 805 381 5 643 352 655 446 53 556 420 231 531 105 750 369 172 584 617 565 975 298 172 106 996 177 954 210 21 903 866 507 827 494 388 301 107 74 566 712 60 454 653 637 724 531 389 691 772 196
214 687 6 380 398 634 377 37 448 81 319 65 34 412 805 322 252 397 14 645 669 262 624 647 216 688 54 582 829 162 953 784 529 452 41 271 655 942 179 68 891 718 391 149 448 800 212 628 155 684 480 693 223 234 440 911 650 173 694 752 930 92 512 11 292 764 266 598 236 693 321 699 932 311 859 709 888 320 298 282 603 316 527 36 241 305 556 286 880 996 55 217 295 447 567 426 672 94 132 527
638 823 427 858 87 800 895 40 642 670 731 458 893 413 108 443 51 572 204 975 112 397 36 402 599 420 533 578 142 657 432 892 521 247 16 233 332 586 439 447 281 135 683 341 355 991 451 302 798 692 189 872 835 89 490 66 726 130 299 760 311 705 395 435 816 913 879 177 733 337 865 618 42 743 753 762 295 688 275 254 242 759 181 629 365 657 192 640 988 307 981 375 268 502 128 714 898 70 571 560
421 166 829 604 923 213 45 151 564 433 997 213 757 869 689 524 941 681 848 839 98 132 517 853 538 989 930 275 180 323 631 338 636 528 45 892 390 518 266 450 566 601 130 754 36 457 292 106 971 969 779 426 57 5 418 823 805 421 940 875 495 480 404 634 94 59 615 828 477 748 23 473 596 300 238 66 968 910 29 995 465 852 563 102 826 762 349 291 916 721 808 600 580 960 612 303 48 253 895 974
30 603 688 405 818 988 767 686 704 484 973 893 524 208 257 794 361 913 801 244 286 342 854 105 642 699 890 19 386 729 829 54 350 900 836 365 413 667 605 489 576 646 243 39 104 143 668 988 893 666 940 203 683 951 294 805 131 782 140 777 229 836 519 367 894 498 639 603 622 49 800 91 783 707 90 735 153 346 797 63 50 135 847 972 248 347 946 432 145 153 720 649 147 624 773 438 423 816 327 296
49 855 512 125 276 946 485 340 331 968 223 188 682 886 677 591 362 751 658 748 115 906 833 898 643 693 501 522 549 368 697 706 655 256 866 299 690 451 827 150 439 31 675 949 115 730 127 817 697 749 653 56 282 423 257 183 936 865 68 705 905 429 495 237 75 326 932 536 950 495 958 113 178 933 373 124 656 246 273 598 95 250 403 156 677 954 194 845 236 113 878 495 190 752 719 306 719 694 987 8
255 876 919 689 742 208 728 389 847 194 982 104 481 67 531 512 10 157 114 620 779 840 780 203 242 868 593 583 546 423 569 99 49 376 385 261 161 384 830 192 365 832 884 145 194 426 952 21 796 480 755 88 15 651 175 50 449 775 596 693 493 501 535 64 18 901 370 149 152 747 953 272 993 947 804 622 370 318 790 597 122 650 174 791 389 475 526 311 683 589 827 931 382 171 522 363 143 1000 961 89
678 770 972 572 579 895 168 443 173 735 803 616 973 636 163 416 528 897 730 409 37 434 793 727 63 280 653 262 950 422 866 140 337 438 772 478 813 97 595 139 518 763 437 362 274 791 909 903 710 504 979 792 883 230 986 544 328 784 574 584 140 906 424 796 841 422 835 843 528 507 243 990 515 771 185 728 144 263 221 999 582 933 830 687 568 42 523 696 273 988 662 80 390 814 639 897 460 583 757 62
931 57 101 731 222 861 639 12 889 15 186 70 347 826 914 357 59 770 490 130 73 868 340 972 594 338 982 456 341 538 997 401 99 185 150 819 100 713 198 575 635 254 272 451 380 113 11 145 297 253 413 400 757 673 113 211 725 545 296 819 155 938 10 228 706 656 26 564 161 767 708 297 949 626 473 623 929 63 704 37 561 290 712 220 883 681 368 930 369 100 183 161 798 96 18 708 63 411 841 914
579 524 327 694 47 814 830 329 863 287 935 857 621 118 642 332 624 417 757 550 69 287 165 765 92 376 42 333 28 297 494 839 38 270 660 486 397 923 193 157 214 53 282 179 571 612 93 429 229 150 281 285 626 986 489 91 477 27 445 436 998 140 648 726 454 415 377 722 598 171 869 791 532 151 728 4 750 875 979 46 295 985 214 749 67 210 328 531 963 216 238 49 491 792 697 400 978 3 179 324
83 501 876 12 83 10 352 514 810 644 459 672 430 901 845 176 272 69 10 747 782 8 446 10 969 192 514 247 270 811 738 853 235 373 568 164 274 210 707 817 777 413 374 29 674 628 209 665 942 664 605 133 7 91 704 317 442 372 32 783 418 197 561 248 938 611 410 274 236 233 125 442 277 893 371 692 520 846 422 649 862 23 714 496 927 323 177 179 121 352 282 495 551 774 476 958 533 211 486 825
31 973 290 898 555 80 604 626 871 546 907 306 931 896 577 700 435 563 839 294 220 444 371 407 929 204 372 367 862 326 514 163 411 88 138 259 430 941 913 230 75 652 176 678 853 418 778 184 182 209 223 475 179 652 311 949 282 666 277 948 104 662 694 376 970 66 588 309 675 673 994 894 104 807 871 344 648 548 205 79 331 212 951 950 424 743 822 552 419 795 15 72 896 386 589 754 903 377 990 555
523 122 117 196 202 773 76 416 394 253 277 579 150 292 337 605 991 882 218 97 544 402 976 703 510 679 933 67 525 806 513 614 207 317 991 820 502 243 899 430 557 973 256 709 390 199 987 36 894 57 982 958 603 465 763 263 138 601 499 173 337 539 504 800 777 283 119 493 349 937 737 198 749 82 917 991 942 786 492 48 69 976 54 737 317 993 109 479 781 778 867 826 815 452 244 55 904 407 792 358
75 829 346 829 289 41 302 249 564 605 624 300 940 323 928 376 4 536 755 102 768 57 806 391 610 438 753 895 277 963 570 643 737 473 974 608 286 284 327 41 159 548 341 939 872 15 759 331 430 374 298 74 446 27 491 984 244 139 527 28 13 265 142 778 87 159 998 571 208 44 926 102 420 256 791 474 568 67 874 801 120 786 647 510 792 648 975 332 700 377 102 381 483 987 635 424 803 154 618 731
978 237 484 7 709 495 615 160 257 950 854 405 164 691 121 738 643 974 568 782 567 231 4 837 846 547 443 697 486 402 665 295 174 474 321 237 701 206 869 100 917 98 244 398 645 9 227 468 174 688 927 313 86 814 142 726 552 842 872 569 615 137 244 686 757 934 122 9 255 386 458 302 358 37 744 535 74 751 327 781 602 283 735 555 377 693 667 554 455 965 400 820 581 131 720 863 358 361 563 120
593 180 114 465 351 388 194 103 644 71 359 932 824 867 336 739 380 631 810 399 149 248 684 32 909 150 842 751 319 66 453 324 163 783 742 960 59 623 354 150 908 206 762 142 606 626 509 869 166 733 958 249 354 466 151 508 776 198 752 598 236 669 362 172 815 897 771 427 372 465 228 13 770 146 445 976 77 778 715 303 266 842 707 72 306 518 983 847 651 277 835 119 325 318 983 798 882 198 557 847
169 593 890 296 884 792 43 764 12 168 863 495 336 382 233 813 801 281 837 14 99 347 269 419 642 246 611 976 674 720 271 623 596 699 208 445 15 764 548 945 268 103 534 57 875 763 4 388 828 863 997 477 225 535 179 283 706 212 2 129 448 916 566 742 382 85 666 85 584 267 384 230 602 2 889 204 607 528 204 198 239 98 916 914 621 50 649 554 808 336 520 819 213 227 69 262 705 126 991 924
916 776 778 269 883 698 530 723 501 402 858 486 357 726 974 239 722 933 44 366 711 226 116 646 960 857 628 22 960 357 896 962 153 210 385 106 723 623 313 358 904 754 965 259 220 360 889 192 363 366 34 385 412 437 942 804 428 646 623 438 268 553 549 81 66 311 950 819 364 520 351 592 967 424 316 847 927 427 574 833 933 756 445 751 370 240 611 919 964 370 691 303 918 203 679 559 366 268 114 984
832 320 732 687 104 680 784 320 603 10 793 195 607 659 722 361 328 423 1000 195 80 630 665 262 766 13 522 558 906 478 826 843 569 916 533 921 455 876 895 495 148 382 294 289 873 342 956 900 663 278 982 252 270 203 356 338 690 658 601 735 997 122 886 558 253 444 29 229 61 170 582 951 235 344 917 174 308 600 301 989 271 342 771 420 996 543 720 994 178 105 398 919 555 299 999 189 289 932 821 300
472 109 364 911 343 520 751 503 931 492 751 518 10 516 410 377 255 11 801 792 82 790 682 920 447 81 469 339 982 294 141 92 289 759 73 908 307 607 794 735 767 596 834 868 952 804 382 998 896 10 545 148 848 931 344 268 741 796 522 372 749 616 840 610 449 966 215 441 427 534 95 983 374 9 222 348 586 252 604 86 56 401 714 881 465 517 367 25 499 686 309 529 949 525 738 972 677 913 108 453
573 167 285 140 175 180 103 468 816 969 590 208 980 610 579 9 54 18 705 391 660 397 551 811 860 961 184 771 623 359 614 881 499 857 695 403 132 461 864 288 799 898 220 942 248 935 204 777 367 389 691 329 595 991 64 124 731 246 1000 572 728 517 542 2 456 883 388 29 863 479 417 231 232 755 633 450 79 748 799 484 304 269 732 691 120 847 133 62 658 832 456 467 464 884 549 189 515 25 883 716
