100 100
250 805 496 289 668 639 426 538 296 568 56 210 702 910 272 778 636 372 842 542 557 175 603 765 28 611 131 324 871 496 133 540 545 779 439 834 270 636 595 211 81 403 295 125 560 502 379 964 676 218 538 620 587 965 626 936 423 845 897 489 132 19 319 342 23 135 713 432 754 726 540 555 861 592 478 925 404 879 471 779 141 805 403 730 457 272 74 239 588 571 358 335 988 754 594 834 570 916 639 226
309 513 438 524 66 138 852 745 894 428 411 265 615 92 551 590 711 188 304 653 2 288 311 753 164 90 234 477 271 449 186 92 202 746 357 465 441 843 930 857 670 398 989 13 996 14 952 777 387 909 881 810 424 13 339 556 313 17 724 664 713 410 720 137 334 21 152 528 803 145 841 593 360 712 729 670 895 7 489 710 339 248 88 586 955 23 549 605 355 492 912 53 69 620 464 838 646 34 455 535
308 103 693 949 50 791 799 637 550 927 24 260 926 851 80 512 411 302 262 226 983 214 646 553 425 559 99 587 715 810 475 94 382 60 562 153 875 954 715 435 612 262 115 64 869 372 574 241 927 362 256 104 324 715 401 566 274 743 196 764 871 425 143 678 689 567 661 126 51 904 558 32 996 849 728 471 669 561 503 460 706 25 614 636 607 317 143 34 945 948 931 933 635 778 258 732 533 356 730 779
648 18 112 158 516 702 153 756 383 103 138 665 641 718 41 293 895 26 406 238 194 659 295 900 856 393 41 912 353 672 421 37 593 273 265 735 349 830 169 915 139 394 833 605 851 81 309 359 894 710 840 749 988 691 267 573 210 204 680 882 205 693 556 509 419 136 679 141 812 633 359 183 841 799 414 565 418 945 441 801 388 248 205 306 613 121 323 539 466 763 616 828 666 406 89 775 599 620 267 565
260 909 403 38 650 610 209 246 347 316 886 114 913 623 470 852 534 566 893 68 789 739 904 532 206 404 673 225 909 18 326 294 483 440 765 729 974 633 548 717 497 201 720 764 34 338 41 588 766 779 763 686 442 764 94 967 919 417 455 857 776 19 993 67 189 586 165 466 846 365 940 798 982 838 430 198 967 704 160 49 901 752 848 59 968 917 733 16 540 955 372 989 354 281 535 544 624 743 377 980
546 294 701 744 373 960 867 866 543 94 105 211 135 729 965 956 269 17 97 305 934 589 762 938 700 994 523 364 860 492 697 472 649 308 572 737 127 144 103 70 554 633 977 909 971 343 468 610 17 493 275 885 414 317 429 513 863 595 663 345 801 818 202 166 842 86 37 452 444 813 864 492 928 87 871 316 517 268 185 79 536 410 69 201 888 77 170 617 206 711 615 188 90 377 207 734 519 0 501 512
204 684 26 868 436 251 782 43 617 864 577 207 498 668 805 804 630 714 30 393 773 746 291 511 669 139 733 809 449 538 280 4 198 921 777 683 35 491 153 361 857 623 476 55 761 196 220 876 145 338 424 583 730 600 882 601 273 879 316 210 503 406 718 536 775 40 672 108 723 392 449 786 593 686 594 324 383 977 452 29 880 532 4 610 745 530 59 75 625 6 946 949 438 972 446 84 277 909 764 187
149 426 255 34 146 906 489 913 152 283 508 803 545 791 298 99 221 614 298 948 384 750 689 239 185 340 543 910 433 360 525 639 730 961 786 914 410 397 736 365 412 642 317 382 783 303 749 390 652 527 407 616 199 672 834 900 447 735 962 273 858 588 814 90 664 434 188 630 18 834 790 475 368 631 284 313 557 162 432 467 36 337 647 2 989 227 394 866 726 46 665 132 592 136 163 188 741 116 360 136
34 839 937 133 237 856 173 596 420 8 809 421 42 894 613 382 214 297 694 196 489 517 914 14 522 753 764 600 212 915 28 331 953 875 906 578 525 863 838 103 770 796 623 574 886 412 404 93 464 947 843 919 468 481 900 87 926 873 847 507 829 684 951 894 601 785 634 486 206 463 371 431 141 467 48 236 190 264 55 862 19 808 768 898 544 802 225 186 16 876 595 30 949 577 893 756 285 751 168 625
976 785 871 241 111 683 591 649 877 176 2 943 803 132 970 319 883 657 105 203 429 373 935 483 497 362 605 211 897 361 936 808 932 562 387 511 905 803 564 725 620 570 196 395 386 3 524 263 922 551 101 943 87 99 988 624 622 14 871 568 280 400 12 402 92 151 646 10 329 367 313 599 535 612 727 344 857 846 424 509 159 393 59 977 327 697 726 24 503 501 8 834 168 751 517 551 748 562 721 472
97 395 625 13 98 722 690 62 191 84 796 223 283 389 560 124 712 484 210 945 931 73 236 957 1000 334 4 305 783 213 483 848 864 894 423 715 428 473 732 183 868 262 448 606 440 869 588 216 195 261 718 44 40 680 766 997 137 77 771 937 986 630 608 785 27 808 43 894 3 32 141 835 539 303 365 525 643 983 552 196 470 637 837 785 748 339 632 328 834 140 134 863 43 554 447 567 250 8 634 709
223 776 726 701 75 536 582 629 279 523 795 706 953 216 733 23 874 473 90 969 338 174 127 35 905 684 746 905 900 822 402 954 55 63 545 976 499 730 974 301 450 131 260 623 253 547 787 631 50 887 108 529 443 305 42 247 799 615 768 383 265 432 262 915 483 541 407 144 861 465 429 790 862 109 768 147 680 6 878 569 984 453 503 128 211 602 778 93 539 79 793 834 650 409 229 91 165 578 630 597
365 253 693 283 107 763 325 969 473 189 584 661 500 184 945 797 91 455 930 62 991 51 214 614 963 747 332 265 452 969 615 462 869 423 36 468 605 923 403 518 317 79 833 394 880 325 8 354 32 799 798 223 928 771 815 797 878 874 108 178 780 748 342 749 647 497 786 457 889 670 102 852 378 916 718 290 84 715 850 427 689 669 916 974 618 124 341 810 191 781 728 508 763 402 985 752 285 658 534 666
953 293 440 285 131 542 16 701 889 179 873 419 396 331 972 322 546 514 575 778 408 60 442 901 924 81 97 293 742 329 221 24 774 86 668 992 767 475 173 752 770 114 152 488 905 955 573 110 958 551 308 773 637 726 430 537 987 237 67 863 405 84 549 91 821 324 1 254 58 920 519 798 963 1000 199 301 932 718 152 469 556 387 205 139 409 408 978 460 88 848 793 367 595 662 937 327 136 480 395 460
660 243 612 186 396 915 55 950 514 475 181 84 16 807 844 751 922 714 749 138 98 120 98 514 125 531 232 609 561 735 524 615 980 638 999 779 975 490 307 855 438 44 175 980 771 324 999 536 207 564 637 945 873 273 707 968 132 915 98 587 184 863 344 384 147 828 608 636 927 503 753 199 995 805 856 57 613 296 223 739 572 368 849 561 311 963 398 585 870 81 166 373 966 71 919 976 232 174 941 661
793 869 514 458 275 284 733 134 935 476 121 489 1 463 712 654 730 875 726 443 503 430 244 906 567 952 897 231 733 788 173 922 691 618 515 838 883 798 862 884 944 666 912 407 521 148 522 455 754 12 707 568 365 495 501 723 19 303 995 602 68 241 932 562 995 604 597 834 785 298 729 590 698 841 530 426 955 268 496 277 996 919 382 183 211 561 619 514 280 23 329 158 171 223 436 437 281 614 530 784
59 274 43 809 610 157 658 530 195 306 485 624 391 906 944 519 580 578 774 306 997 938 363 322 302 582 290 331 580 777 722 272 725 468 148 916 420 553 53 379 865 651 961 243 552 28 837 171 215 236 47 797 405 261 910 736 342 313 5 859 477 151 114 160 153 925 914 227 238 349 418 23 485 780 370 216 99 620 781 660 710 369 451 295 107 477 143 690 600 88 400 867 258 201 434 746 205 773 119 570
106 639 778 709 543 520 605 569 603 524 413 352 167 78 566 119 76 514 478 813 265 276 514 609 342 615 848 733 372 570 396 625 909 17 739 707 639 131 67 450 627 576 101 1 471 19 412 797 700 130 455 556 52 788 67 578 775 135 731 711 260 419 935 181 760 920 194 925 505 950 166 548 383 658 209 427 45 629 700 620 288 581 493 453 320 15 921 907 547 517 362 288 641 954 244 810 418 508 930 98
792 711 809 898 890 525 392 521 81 970 102 630 385 773 508 748 861 772 96 485 430 905 47 57 258 429 475 167 651 263 764 312 306 875 877 520 335 455 425 977 906 697 183 705 665 225 506 246 154 897 565 111 618 975 578 471 491 438 497 169 23 619 118 792 254 869 170 520 514 857 492 362 237 218 376 944 24 506 826 403 266 960 0 750 21 750 233 474 816 725 51 325 439 944 671 734 783 942 392 645
181 432 429 57 301 671 989 331 116 906 937 649 493 553 839 968 814 334 103 336 291 104 366 179 406 574 597 873 312 932 898 346 403 75 239 668 274 437 187 751 318 422 586 566 885 149 900 404 555 242 711 713 377 596 400 579 854 973 589 700 941 583 555 105 973 686 145 548 837 528 225 903 447 289 191 666 979 607 962 896 436 329 598 525 2 533 903 588 950 295 778 727 388 545 450 251 679 208 732 21
287 522 117 883 683 442 503 726 709 102 103 234 615 333 189 666 39 359 889 654 492 43 252 853 187 202 726 30 89 727 702 407 356 756 944 119 846 212 135 656 767 332 627 880 986 321 547 933 585 289 172 137 526 324 590 566 479 71 542 410 504 471 652 212 308 283 300 445 502 886 971 904 145 657 743 101 274 280 192 161 780 997 520 268 524 285 121 465 754 313 799 447 652 362 776 574 12 564 365 732
267 325 754 105 29 839 837 907 410 689 237 420 675 998 490 564 721 170 207 152 261 877 595 151 323 441 510 279 343 610 492 849 709 700 322 795 657 801 814 149 620 854 475 506 954 133 436 410 331 285 487 456 843 800 690 288 57 548 703 313 369 410 909 856 912 203 561 209 773 891 83 847 10 840 63 709 834 917 578 603 933 286 786 822 25 913 709 455 650 821 839 707 859 147 736 639 946 913 245 330
485 421 493 886 561 89 51 303 736 1 136 133 380 535 289 206 456 813 736 857 185 678 961 626 677 892 638 456 219 946 562 952 9 890 287 393 136 659 863 377 546 647 81 340 574 235 117 300 170 502 784 184 907 46 807 211 627 716 618 83 563 911 316 884 929 212 201 373 486 329 278 917 792 849 793 257 906 363 211 756 230 179 597 757 124 9 185 44 282 707 281 849 739 660 579 297 592 565 526 679
287 414 165 592 945 690 892 75 223 812 564 195 95 138 816 210 757 949 37 983 422 950 604 176 134 535 183 582 396 447 954 193 645 824 773 545 423 105 818 877 889 231 751 539 647 356 105 741 407 60 544 721 131 623 600 595 320 279 349 531 422 517 924 152 576 547 441 257 759 415 775 929 986 370 289 398 220 452 917 828 667 930 698 185 856 475 117 924 641 797 91 207 926 336 932 23 678 169 161 18
871 323 767 469 264 352 109 977 409 8 279 232 914 995 582 693 826 692 595 614 123 925 128 695 992 978 164 71 378 826 989 978 808 95 839 932 678 644 25 667 971 934 297 286 939 467 444 422 531 600 62 270 621 86 280 140 837 218 459 15 83 68 79 714 815 939 274 232 389 10 440 542 616 29 332 901 587 581 534 297 941 377 222 759 499 343 249 292 905 995 918 780 897 920 56 344 323 407 334 975
834 951 362 681 851 781 18 462 451 228 452 471 938 199 135 376 830 678 546 69 517 114 316 265 721 384 564 676 633 123 695 581 167 251 654 438 569 745 367 670 519 929 106 574 77 207 490 816 602 654 896 796 856 858 932 855 530 103 287 661 678 973 767 58 689 292 600 761 632 944 219 17 881 753 248 593 709 526 612 131 811 937 703 530 723 661 410 853 256 815 788 649 461 300 551 71 727 988 696 139
488 4 885 910 877 561 487 858 742 484 163 242 811 808 704 283 632 476 663 949 157 132 872 185 371 524 432 99 361 3 384 155 490 607 280 427 189 272 188 178 371 722 549 613 690 914 128 592 3 911 22 809 571 746 628 678 387 353 829 903 666 875 694 109 319 471 315 653 629 71 370 90 154 908 417 762 519 401 749 876 56 248 278 420 64 837 10 847 915 335 877 932 947 440 909 733 876 313 188 332
480 332 35 39 125 23 18 343 174 516 118 303 418 353 221 437 215 888 288 425 774 727 874 729 658 970 917 258 205 511 900 97 677 178 187 331 90 862 891 62 258 519 872 149 909 211 201 259 695 45 841 710 753 203 121 931 229 944 47 264 597 472 794 645 219 529 514 748 116 780 828 742 424 350 741 186 116 264 127 211 669 954 919 374 417 599 316 929 898 312 201 898 811 449 218 250 988 980 56 679
580 730 929 791 314 365 340 566 904 717 565 559 887 57 464 5 713 622 272 435 424 647 563 864 821 793 656 204 119 565 679 71 735 355 116 932 246 698 920 322 731 95 976 796 263 639 30 568 297 714 197 641 979 7 940 692 260 996 39 885 514 230 679 330 583 564 950 392 937 697 748 847 523 84 382 766 486 443 500 420 733 499 304 24 768 433 16 830 652 34 172 895 554 541 300 571 247 474 731 314
831 95 619 991 584 732 602 383 210 71 137 868 641 839 559 896 925 69 199 614 406 713 239 761 782 376 699 688 306 8 329 91 720 558 267 494 255 889 322 184 122 479 816 40 162 835 11 211 184 585 62 497 671 999 119 842 688 123 614 404 1000 142 244 271 646 132 53 292 398 312 13 288 550 303 5 223 342 287 729 56 466 344 964 659 719 503 360 434 934 446 779 78 417 298 38 957 987 82 99 801
924 145 267 393 460 871 588 957 101 451 821 650 341 232 406 834 77 116 140 301 956 984 821 459 665 94 433 127 945 326 893 67 587 527 609 286 744 857 662 0 470 769 679 915 989 795 200 119 529 590 652 64 542 73 745 901 372 841 45 171 878 664 199 712 633 435 446 959 777 448 322 175 526 486 358 135 650 36 216 654 125 668 158 254 806 774 162 697 324 612 172 134 44 159 492 417 970 328 887 725
779 796 948 671 28 335 905 937 744 548 857 863 400 608 133 735 489 78 525 270 446 948 106 733 328 547 659 151 597 554 551 559 336 281 789 450 196 61 146 916 719 928 340 709 823 899 116 74 634 185 923 463 606 316 987 655 541 589 101 804 226 45 81 784 736 694 115 347 121 47 76 158 471 753 367 235 554 852 939 631 290 758 363 426 233 52 639 357 693 318 854 1 677 541 291 844 213 770 31 644
513 852 704 112 918 308 906 184 887 976 2 576 98 522 886 91 695 684 393 607 769 622 28 502 570 339 80 799 39 87 752 509 600 226 344 875 642 238 590 671 677 228 658 569 432 407 783 704 715 269 997 190 3 789 971 154 800 573 900 292 194 30 515 119 584 593 53 217 781 882 767 716 541 463 47 55 552 188 689 851 766 655 782 697 356 620 976 648 586 13 306 787 727 468 20 136 960 697 212 806
999 463 163 524 60 331 354 736 421 27 494 322 681 909 411 148 492 817 721 853 253 163 291 31 877 228 542 849 4 856 563 1 372 495 901 530 797 779 493 75 363 996 756 328 918 433 635 188 259 715 537 88 119 185 623 417 921 892 767 894 569 551 757 152 292 814 116 351 181 12 469 42 307 584 140 439 185 257 799 466 688 646 421 370 180 213 961 17 197 740 454 122 918 618 228 477 987 738 171 372
614 653 773 348 500 633 287 228 520 865 258 291 544 747 448 822 830 554 61 307 777 822 713 724 546 543 183 365 806 639 456 825 312 919 65 773 637 102 879 541 714 174 792 884 645 330 97 889 548 47 296 79 831 941 134 887 573 47 599 649 213 330 29 428 192 740 751 746 623 967 726 221 547 394 773 706 815 597 243 68 218 562 338 907 347 439 682 640 763 627 506 980 243 84 925 697 85 537 129 955
757 704 219 731 958 169 315 112 196 773 1 405 342 245 776 633 944 290 364 684 463 226 425 251 413 558 738 402 985 162 912 578 448 69 44 965 145 980 448 685 223 276 205 186 420 373 660 573 307 849 428 332 426 650 948 918 343 40 743 795 185 335 487 620 998 694 992 126 451 769 607 727 709 621 663 760 388 665 909 814 912 899 95 375 561 310 673 106 841 437 222 46 899 106 587 590 514 123 225 798
886 199 94 907 745 110 768 198 72 561 637 297 112 341 87 186 71 970 87 165 60 753 837 375 1 955 501 323 124 292 172 375 334 64 569 538 187 50 246 943 147 284 734 485 758 448 420 999 164 116 252 16 446 375 530 944 396 384 611 940 752 389 467 964 18 237 139 952 356 417 620 187 243 528 317 497 579 544 113 605 857 728 474 193 545 875 422 614 372 381 247 916 641 7 279 685 613 868 647 190
910 592 654 933 762 604 381 569 226 994 270 214 28 636 441 530 182 690 257 922 871 388 46 656 550 506 499 744 738 808 891 215 476 688 462 562 617 711 994 482 390 896 653 763 548 950 711 483 38 504 533 221 768 630 502 224 308 856 80 512 134 207 282 76 354 897 285 861 503 148 727 157 656 399 976 885 297 677 453 81 819 535 677 151 360 640 482 76 336 367 315 884 150 326 532 251 982 850 591 873
629 229 513 645 287 871 344 379 659 448 955 152 640 239 230 282 147 362 758 160 453 984 246 630 267 581 391 156 45 737 118 980 997 213 842 708 722 245 2 229 97 139 497 208 623 653 5 203 717 70 519 419 284 447 691 506 103 444 632 162 855 505 426 242 978 487 368 660 936 382 667 931 16 130 621 24 235 373 145 785 991 841 86 20 938 495 287 31 104 701 934 639 348 769 767 382 723 285 606 453
729 788 132 924 117 983 187 77 291 912 956 799 944 274 395 289 432 346 624 236 257 111 709 525 552 667 917 33 240 734 593 799 748 963 258 335 747 832 856 284 280 494 720 238 334 851 365 224 877 973 385 1000 409 90 775 386 206 355 124 414 717 353 530 610 495 462 676 515 329 356 156 364 120 770 512 934 184 106 801 773 559 113 418 678 519 437 481 823 892 207 151 409 415 203 571 317 446 678 944 419
116 220 741 439 265 939 311 475 27 555 654 15 911 557 681 702 6 295 617 401 421 107 436 391 186 484 442 215 341 205 348 945 800 106 765 485 900 272 946 201 191 569 441 871 779 606 708 77 861 402 776 831 661 538 345 587 970 609 874 580 20 28 171 726 94 284 534 932 586 983 117 728 42 410 374 789 437 440 434 2 532 268 109 282 378 912 97 897 363 837 28 147 129 703 823 258 923 552 106 203
761 688 408 616 306 962 675 504 812 658 224 408 904 7 621 510 588 693 920 791 697 127 986 820 992 949 276 586 243 7 797 251 302 856 292 272 977 624 599 164 437 476 396 980 589 661 460 939 548 73 256 30 587 327 673 184 648 134 66 355 80 212 560 256 393 245 579 157 394 614 166 272 871 901 826 881 756 2 382 172 795 62 234 878 373 431 847 113 839 554 304 468 605 159 639 12 18 921 411 737
737 14 773 944 75 759 267 958 352 994 107 957 294 500 149 172 556 245 529 562 629 755 294 855 409 45 264 563 430 405 935 64 528 879 889 446 94 21 734 106 651 879 559 907 305 186 917 923 531 442 419 761 866 54 192 367 748 670 765 984 945 600 809 587 194 908 11 100 688 460 769 40 638 850 702 405 296 930 550 147 461 385 450 427 842 481 735 686 302 337 511 322 337 203 551 155 535 949 334 877
200 497 933 912 796 896 840 967 579 638 514 754 440 286 461 19 405 968 369 835 570 408 254 244 932 193 581 825 569 314 45 654 696 939 713 127 278 207 549 282 366 335 804 450 494 818 735 688 342 386 772 425 884 780 757 62 676 60 76 99 208 457 892 698 78 145 410 510 170 471 353 597 246 44 741 768 108 818 555 493 525 114 395 518 813 186 765 376 538 408 317 90 767 298 441 669 730 978 536 845
210 483 366 999 931 386 889 190 970 244 691 247 708 996 698 346 500 588 100 892 46 755 212 756 319 375 136 529 432 737 647 230 597 353 269 953 874 123 135 245 552 110 794 17 704 441 866 900 701 531 88 223 129 18 634 123 774 209 4 360 411 116 760 713 666 10 642 909 552 171 984 850 981 855 293 244 143 383 454 366 960 663 588 17 194 361 695 677 609 153 53 19 997 910 297 301 386 932 582 842
775 172 920 238 124 443 832 281 760 856 513 439 998 147 501 854 649 247 138 334 221 609 88 696 153 421 898 687 895 169 167 255 490 716 228 69 300 527 980 651 557 625 332 866 805 859 19 911 591 167 78 899 328 221 554 141 101 317 307 517 943 119 791 39 861 328 812 188 322 642 789 243 678 759 119 468 348 157 621 100 869 505 662 567 382 186 532 206 410 977 305 474 124 857 928 242 216 103 905 949
264 913 698 918 747 355 702 796 158 449 543 906 523 454 418 61 772 764 92 194 426 868 61 630 420 948 154 873 205 208 37 354 103 598 905 219 9 794 301 488 563 786 156 745 387 689 212 438 684 836 570 358 246 738 553 93 587 692 174 821 818 2 347 912 63 716 619 332 89 762 484 340 148 94 383 286 830 94 275 971 278 132 405 777 714 544 488 552 249 994 665 145 830 884 299 54 317 691 466 690
541 290 268 526 320 378 912 975 346 387 287 184 378 277 863 427 889 555 432 487 319 268 88 223 521 919 900 614 995 76 340 587 878 533 415 554 148 460 998 657 838 653 12 417 992 163 288 495 993 43 600 279 706 914 77 733 499 874 943 774 944 919 374 69 229 343 542 974 635 930 70 891 269 329 678 538 520 498 176 191 307 326 930 682 274 656 934 673 328 424 52 514 695 173 988 368 403 217 365 811
119 486 546 112 179 140 428 803 565 121 249 324 754 749 132 803 208 546 35 115 114 524 457 875 754 91 599 214 955 549 159 165 865 944 124 878 940 822 624 182 412 321 636 26 989 346 705 902 278 348 402 306 834 420 240 0 691 596 102 238 902 189 306 273 311 85 446 49 955 482 349 970 906 407 605 452 471 976 621 565 672 294 952 433 134 843 184 475 936 737 150 108 754 241 405 299 462 888 471 342
461 588 389 713 115 210 947 765 439 367 526 920 744 377 229 38 493 430 379 196 856 409 134 214 96 160 304 883 836 189 999 203 400 210 727 743 969 357 435 579 859 333 438 284 328 0 284 180 340 29 828 2 982 590 445 527 964 617 858 795 624 671 265 545 527 813 648 548 436 233 798 931 348 727 899 185 27 416 934 165 47 323 577 857 210 229 99 806 995 752 577 989 519 433 546 381 508 235 80 531
272 234 522 914 861 895 470 191 311 796 570 173 962 163 839 994 780 274 739 422 300 965 38 506 956 788 310 110 713 442 211 436 273 642 169 146 557 712 663 572 981 976 968 237 705 928 584 325 826 347 65 917 272 90 948 175 560 901 732 172 231 690 125 29 987 742 390 466 442 328 619 695 185 504 937 254 975 883 702 419 563 344 960 544 871 472 927 343 566 852 19 276 389 21 898 625 890 653 138 280
448 915 563 919 42 370 438 512 818 522 974 9 437 892 944 152 604 506 978 609 662 717 935 882 400 297 423 918 164 157 743 801 529 950 393 891 105 897 876 144 300 712 946 747 668 215 295 456 914 628 106 708 843 76 483 225 605 130 193 304 159 909 436 943 593 307 939 257 813 7 447 591 627 868 618 293 283 865 825 402 396 772 627 959 429 833 492 248 485 234 103 681 105 665 267 248 53 100 728 286
149 21 327 336 144 938 492 178 586 7 73 238 167 522 769 409 612 128 497 654 577 677 618 641 604 838 16 774 669 819 641 248 862 448 664 211 991 403 805 993 335 603 84 671 884 267 300 399 871 569 201 457 74 829 860 594 550 861 426 573 140 139 624 560 373 36 100 785 764 84 952 628 545 893 506 301 524 669 388 775 613 697 13 585 876 788 929 48 406 120 296 105 832 585 616 537 586 594 79 568
156 674 144 438 524 219 255 263 17 527 257 255 728 529 191 489 516 627 986 10 611 461 841 219 372 272 136 74 794 119 514 318 180 925 976 860 329 633 190 632 571 286 459 421 205 184 98 910 724 565 867 714 180 611 694 52 218 518 617 435 287 859 728 385 937 85 916 530 35 763 450 394 837 65 630 779 50 808 652 784 701 895 702 679 439 189 603 970 400 846 862 853 716 984 128 713 632 996 399 347
362 995 792 272 304 718 106 314 657 518 741 5 394 209 356 413 564 488 560 722 397 911 491 869 146 569 474 88 931 589 392 881 282 466 36 803 700 60 783 951 776 170 154 10 900 245 34 608 262 823 706 116 970 765 45 342 843 265 75 458 85 576 8 242 263 53 473 670 848 789 134 419 941 858 924 766 80 168 567 809 13 588 42 54 558 968 62 568 86 298 241 707 248 172 909 622 217 414 344 26
66 955 183 419 425 901 101 279 315 857 770 892 695 654 913 224 425 794 987 605 100 139 253 187 560 225 56 146 219 313 520 480 708 836 859 435 102 421 966 196 991 792 336 562 694 233 930 877 902 500 194 170 903 805 575 815 885 463 959 226 697 949 964 380 646 131 685 834 224 201 580 753 221 636 564 492 619 83 719 768 675 816 87 999 68 620 15 50 553 531 561 160 555 543 989 214 883 75 622 526
737 791 372 220 373 945 551 644 664 341 525 823 274 989 828 114 343 445 778 595 55 757 873 155 397 102 996 620 574 664 166 244 952 128 414 329 210 663 909 763 646 233 835 190 201 528 237 904 823 123 314 686 133 570 906 126 956 813 322 193 485 552 467 216 988 280 780 675 604 199 563 909 307 22 723 618 256 814 336 177 710 105 324 933 581 315 306 80 28 617 953 83 88 4 281 525 975 142 276 162
178 674 224 154 609 996 843 933 359 547 333 481 872 824 997 217 915 426 55 280 326 726 709 285 485 967 814 343 937 326 201 94 217 910 102 707 741 993 343 223 263 94 965 317 404 935 85 391 519 6 764 753 952 771 93 886 180 106 705 757 422 106 103 673 805 117 295 270 419 501 602 343 838 711 438 940 943 611 475 219 979 47 689 268 33 676 840 771 245 542 974 108 142 77 55 870 844 563 326 301
16 632 505 894 547 140 645 362 441 259 957 396 324 72 313 452 689 0 99 214 252 814 343 737 514 324 745 56 923 860 448 963 324 319 371 234 881 646 977 453 73 978 805 250 634 818 122 575 682 931 503 238 114 252 668 496 113 943 847 420 539 697 410 109 310 407 356 407 767 1000 109 908 461 26 938 362 942 226 952 866 626 505 321 682 709 825 671 822 584 597 941 132 301 945 204 0 447 840 50 263
528 154 145 956 311 448 199 584 562 193 46 523 812 970 804 910 805 214 708 94 144 264 523 890 727 855 748 183 416 925 526 416 142 966 965 573 17 321 531 794 578 404 790 149 436 950 997 533 608 695 542 740 180 417 94 942 792 216 1000 246 444 872 154 715 744 322 788 215 965 307 260 452 36 285 912 29 217 171 289 767 757 144 968 507 799 469 547 546 379 140 633 913 711 573 849 838 176 755 859 882
887 584 665 497 877 124 499 719 558 439 887 706 712 881 304 134 241 415 652 59 256 302 996 550 877 867 833 959 434 124 955 95 144 562 29 835 921 99 515 519 181 932 640 267 368 149 292 255 662 283 308 937 327 467 300 448 113 901 347 285 733 245 256 55 365 284 703 212 531 222 99 253 85 231 722 882 605 132 761 838 46 856 953 803 564 869 185 391 30 126 371 463 40 689 107 474 97 450 684 474
108 350 849 283 112 811 255 78 580 782 627 651 670 202 284 759 381 648 831 840 271 866 900 992 144 876 457 594 808 741 376 748 930 813 257 165 853 180 369 911 967 606 897 788 685 785 216 689 681 287 814 234 447 344 511 28 94 682 496 423 669 314 119 989 227 90 909 723 458 569 553 639 261 612 700 311 19 0 533 237 487 348 353 240 300 293 902 162 209 469 973 991 532 123 712 932 62 587 534 756
404 815 368 429 88 259 160 311 640 439 241 112 808 37 399 783 961 186 893 404 348 28 539 442 477 505 497 325 682 752 943 929 879 159 325 522 881 434 760 421 268 742 151 842 454 474 410 123 193 118 84 909 73 859 559 774 61 877 115 39 180 764 459 774 235 410 941 578 512 812 173 196 865 244 780 895 397 77 27 795 75 843 292 606 166 982 885 324 462 171 217 507 136 930 242 770 789 157 508 819
732 685 264 715 471 989 472 53 643 515 696 333 22 233 573 898 384 863 821 445 867 945 460 908 928 995 696 409 680 990 129 156 485 748 177 893 828 686 468 314 681 929 190 422 402 835 293 999 55 856 633 160 902 629 69 307 91 579 166 321 834 596 760 754 979 876 990 101 817 420 124 696 402 470 817 839 198 506 382 751 466 380 465 304 844 975 81 440 604 634 265 85 927 547 208 425 520 600 53 735
129 768 735 681 910 437 473 563 567 793 980 911 977 934 410 286 572 302 367 228 899 642 327 483 273 693 386 296 129 472 47 285 845 197 82 472 528 107 393 315 823 921 489 465 489 208 686 534 826 241 190 19 245 110 182 674 439 203 662 172 458 942 524 542 80 810 502 517 732 320 717 804 251 893 147 416 331 122 269 279 845 10 868 567 736 89 526 498 920 85 384 683 925 726 303 623 971 45 137 136
285 839 989 795 686 480 42 490 361 569 248 904 219 165 719 250 255 522 229 57 347 131 607 723 507 570 825 328 672 635 425 823 850 522 477 811 698 87 181 502 564 154 606 308 309 515 616 539 710 862 103 62 705 519 742 494 848 845 992 806 547 851 650 451 363 303 749 319 598 921 754 524 667 83 742 240 282 497 314 542 67 588 883 334 490 170 957 855 132 18 469 118 704 485 288 633 550 668 140 847
52 944 779 995 966 342 842 100 303 754 580 124 226 55 200 106 237 977 709 705 372 263 989 277 741 634 971 65 125 370 217 544 230 778 919 705 237 120 1000 639 355 480 968 665 51 449 108 482 329 102 894 753 625 639 28 1 586 802 430 646 33 528 481 48 253 484 615 992 605 58 789 56 525 423 309 590 454 335 237 174 469 525 632 954 348 943 423 126 49 703 822 99 977 389 260 539 909 256 264 507
602 467 93 346 607 690 320 239 356 950 326 100 755 938 223 671 856 819 153 560 979 746 591 358 479 26 631 235 997 164 786 865 54 452 918 747 838 373 230 669 747 819 269 520 966 633 348 187 1 955 246 370 812 544 23 927 326 405 278 85 600 444 990 795 333 77 618 533 422 207 469 692 955 712 700 421 64 311 912 473 882 431 136 31 200 713 553 139 379 448 927 278 945 55 846 184 865 682 951 613
439 372 894 300 647 949 211 436 543 420 237 311 114 45 709 335 542 93 101 3 23 871 187 495 543 904 137 21 676 857 45 626 566 150 388 722 678 586 124 131 933 860 617 477 805 569 807 184 193 28 607 174 377 995 440 67 200 820 325 130 351 459 90 669 524 529 491 664 356 49 155 86 856 340 850 284 798 315 924 215 447 602 176 111 109 361 331 744 812 650 751 752 321 299 560 520 818 247 824 679
344 245 803 770 446 773 875 30 681 805 904 165 991 65 952 846 217 353 72 954 556 885 7 188 512 288 521 322 104 916 706 912 477 229 243 449 759 857 932 998 312 122 403 694 326 65 302 291 438 848 839 427 567 682 664 159 171 181 796 975 946 820 847 841 693 0 862 511 960 786 468 776 335 762 998 549 302 778 915 253 663 420 416 170 266 710 364 105 183 5 254 179 855 314 843 832 992 165 837 750
458 29 508 954 947 360 560 363 873 214 512 104 749 260 43 834 978 644 360 510 890 10 450 71 227 77 452 545 582 790 524 49 681 554 637 301 448 790 357 450 170 283 894 402 751 886 220 655 760 121 475 213 272 96 578 55 614 581 126 634 605 16 454 792 559 469 281 110 732 356 722 753 438 457 20 383 414 337 38 345 526 502 929 536 180 334 633 113 657 871 395 598 665 998 263 418 815 964 239 933
936 384 345 642 953 143 71 871 183 801 313 443 864 838 62 372 244 326 122 498 852 802 904 768 217 163 98 651 724 163 196 251 336 495 629 569 884 889 501 148 583 693 313 174 650 537 485 47 736 35 577 967 779 585 217 612 480 270 650 488 828 998 547 394 422 896 266 11 689 355 745 538 770 944 67 765 372 50 944 117 440 477 862 254 110 167 965 313 41 211 99 162 137 568 227 617 434 907 105 752
453 216 466 568 209 153 113 650 425 170 856 544 308 333 370 992 474 164 772 835 531 636 565 468 577 810 306 733 918 334 23 975 968 115 614 616 977 297 126 305 2 692 638 1000 353 338 684 32 303 142 897 330 993 430 216 82 701 894 576 55 681 250 850 171 470 791 314 509 972 777 611 247 678 424 389 362 113 609 675 228 566 636 883 187 289 471 507 321 488 610 999 440 685 61 360 82 895 654 501 85
972 953 92 146 496 35 839 582 794 812 614 364 769 186 709 574 958 913 392 35 339 113 828 568 171 931 500 913 987 206 89 784 76 171 893 339 749 496 561 509 682 421 311 98 315 506 859 245 355 166 103 105 384 270 128 842 829 920 814 974 191 610 248 331 503 813 649 118 44 562 314 627 242 678 226 897 206 596 195 376 270 383 708 908 971 954 297 468 89 662 652 437 82 718 838 247 334 358 504 382
898 782 322 519 875 320 960 441 558 746 303 579 454 555 812 480 657 362 331 756 14 526 729 522 483 565 968 354 547 886 475 339 923 412 460 240 864 471 648 797 400 484 92 424 827 675 216 565 426 889 202 921 938 911 694 714 294 76 837 433 190 108 899 127 543 368 470 581 877 704 449 747 805 272 98 124 536 964 654 960 724 614 742 796 137 182 678 794 930 407 338 247 337 840 976 722 0 22 742 528
782 858 50 504 930 916 744 200 853 389 744 851 185 213 621 872 586 917 366 228 305 717 706 183 637 479 686 349 738 653 156 786 236 652 611 659 848 160 367 680 64 18 74 501 878 479 710 42 959 82 462 803 126 807 389 950 177 518 824 294 598 115 708 729 240 903 94 981 673 419 200 675 348 286 636 12 762 193 812 362 414 366 509 950 739 125 189 826 28 545 688 278 331 861 109 866 603 690 799 53
325 895 299 884 662 396 760 60 209 369 563 269 545 683 166 388 887 325 638 492 236 341 298 234 538 180 39 500 583 670 979 620 430 832 555 977 147 716 649 231 979 989 18 445 968 502 635 743 558 259 565 956 215 781 409 411 294 956 666 141 777 857 894 693 95 574 345 100 473 852 794 570 156 449 854 141 137 310 688 671 533 600 418 288 659 902 363 350 152 925 268 968 340 877 958 889 413 512 165 829
549 919 966 577 641 947 132 733 325 213 629 700 305 273 384 440 14 112 414 648 238 153 559 536 238 976 913 793 483 742 250 38 440 247 650 800 950 735 836 742 896 163 82 221 224 403 917 136 598 400 962 730 606 47 618 772 582 67 884 97 228 812 582 240 379 623 564 502 224 414 987 15 237 846 349 702 941 101 533 83 209 892 225 635 729 82 412 741 191 184 914 291 210 694 608 52 315 490 813 731
194 216 542 77 215 755 124 144 607 613 801 723 762 892 217 128 324 30 982 49 586 217 739 584 651 84 181 633 991 802 766 504 852 600 843 18 26 330 24 731 14 660 772 641 711 280 734 879 748 295 149 556 723 843 357 642 380 604 22 915 559 245 326 27 445 73 854 95 613 985 407 631 180 571 915 150 683 929 757 756 200 294 819 902 831 427 999 671 907 985 180 271 95 241 226 575 423 922 490 730
42 608 704 192 269 783 730 315 800 963 657 636 1000 145 89 564 245 549 25 224 612 166 329 193 512 200 960 750 9 334 660 68 320 510 702 815 173 920 300 970 277 740 254 200 824 821 268 433 29 285 281 373 490 966 684 794 573 379 412 875 174 128 302 843 19 50 33 159 106 479 719 596 339 126 751 488 314 665 548 432 46 770 603 144 98 448 959 634 622 762 542 838 318 343 529 961 30 21 454 265
41 109 243 19 24 40 613 815 511 249 265 178 747 695 879 7 240 561 971 361 438 485 739 221 891 264 456 327 35 567 728 753 606 103 647 800 0 189 920 445 643 276 537 415 337 389 940 467 960 993 886 304 306 893 11 281 803 706 443 987 441 314 912 889 262 409 256 246 721 413 904 260 747 270 766 785 115 149 849 484 157 315 342 401 852 199 923 417 150 744 337 979 867 734 389 864 62 530 531 14
687 63 197 860 336 563 601 347 425 218 197 465 804 265 151 240 784 332 129 506 890 822 190 128 841 485 551 948 53 892 472 803 262 426 94 729 904 294 320 231 610 783 77 71 9 915 322 373 932 7 203 581 603 644 915 454 169 53 825 4 785 865 563 101 529 352 699 160 463 0 428 269 990 14 991 144 552 848 902 571 651 970 605 678 964 441 716 922 330 629 751 499 635 458 168 403 620 552 216 89
312 240 911 978 676 354 914 601 615 890 905 664 304 6 308 935 226 2 303 261 234 554 403 182 234 79 225 109 541 315 763 830 692 639 843 750 97 452 825 818 700 33 369 249 789 286 351 97 273 341 350 131 872 957 609 641 722 426 556 416 22 127 553 27 426 666 910 99 974 281 381 702 746 969 666 672 686 83 822 371 828 714 736 42 80 345 380 215 601 811 376 47 386 190 744 527 531 371 572 354
944 674 535 852 125 488 139 643 614 673 526 661 676 592 246 620 905 961 453 720 775 405 526 915 154 432 277 825 662 548 149 143 88 949 590 467 114 702 94 528 41 529 931 77 457 536 529 485 985 223 248 452 783 596 658 907 259 420 1 222 911 5 389 807 408 42 978 233 822 381 359 563 460 316 874 312 309 153 215 626 312 751 345 358 127 656 594 925 871 872 483 171 889 423 417 932 759 38 480 841
118 135 243 738 561 815 635 188 373 828 587 758 802 387 904 691 122 213 738 278 189 190 849 927 646 766 422 696 253 366 70 565 785 649 702 941 219 211 532 996 710 359 248 102 504 758 840 26 835 808 182 15 866 756 115 798 942 772 839 434 986 300 845 276 439 658 667 820 349 676 410 946 679 164 519 954 575 726 10 227 229 929 802 4 311 265 71 764 107 586 448 91 217 589 788 548 973 145 117 2
632 824 747 782 118 599 199 77 289 392 91 700 32 69 30 10 849 718 951 225 892 319 438 424 30 112 704 753 797 285 7 169 563 907 193 890 758 774 685 687 778 917 461 377 558 128 636 932 401 469 587 145 363 0 283 336 991 248 830 656 420 56 91 107 783 784 937 119 816 32 525 356 53 116 846 281 180 788 247 561 58 396 438 763 91 119 606 949 895 572 930 350 533 522 997 168 944 493 435 551
751 384 83 927 75 803 901 56 701 37 733 880 295 270 638 852 544 365 380 270 603 839 840 556 969 35 715 533 471 559 762 905 969 353 57 520 92 810 626 313 573 124 714 495 45 944 360 799 215 844 49 68 20 40 856 492 695 935 745 509 176 112 459 966 839 191 621 649 339 173 959 394 498 813 763 477 276 349 221 672 456 512 988 179 410 903 67 324 470 707 484 317 0 300 594 269 125 34 661 470
82 677 951 579 571 837 527 233 891 869 922 426 160 711 249 871 160 775 288 601 290 101 896 150 823 117 594 44 184 792 159 617 329 146 687 463 176 797 217 575 648 187 302 473 554 127 904 791 332 550 143 160 191 882 664 344 258 126 45 630 900 396 85 795 814 915 296 187 816 735 864 196 210 763 331 794 303 785 494 975 833 483 28 883 148 347 523 174 211 253 238 240 367 66 560 331 98 175 190 810
543 458 102 639 649 7 677 160 634 324 863 138 204 842 420 303 719 359 482 651 36 431 184 494 551 790 851 566 502 258 155 15 545 303 727 163 841 536 805 364 177 827 559 86 891 249 597 752 946 287 679 522 597 422 46 316 934 194 640 576 283 663 978 341 41 796 911 461 117 142 510 735 724 176 988 644 574 470 974 287 213 298 267 598 720 13 179 49 276 268 564 690 440 627 231 808 552 385 819 211
3 446 227 868 266 196 140 418 679 488 120 223 297 962 894 453 136 246 393 544 917 458 686 529 973 978 56 625 788 679 398 322 431 974 648 552 992 479 823 735 914 954 79 537 718 246 785 616 780 950 259 256 694 650 554 699 446 577 296 520 508 896 615 589 796 317 101 767 333 446 636 356 786 61 804 865 610 433 362 579 289 20 700 472 719 567 300 459 432 822 317 711 687 732 544 779 125 838 396 588
143 911 287 294 579 436 111 974 171 223 677 875 167 656 14 723 416 891 7 630 449 393 380 62 170 482 699 788 423 510 274 676 651 166 54 442 383 270 654 120 572 712 714 164 541 965 799 66 684 400 666 650 629 301 234 130 7 830 819 856 371 128 97 362 571 547 843 673 877 687 191 201 89 77 681 661 3 674 288 914 678 865 754 170 536 646 732 399 625 57 698 560 588 719 639 98 459 950 844 415
697 17 168 599 81 381 633 795 195 28 898 303 890 454 970 351 133 455 425 818 443 912 817 793 800 409 39 859 393 97 969 829 546 829 93 154 665 312 987 324 378 134 300 378 471 729 426 422 621 910 840 737 211 710 706 474 99 397 192 591 833 461 771 863 143 230 585 675 648 193 36 213 313 238 91 737 77 958 613 131 798 340 456 860 818 979 893 299 446 854 891 490 593 263 780 982 711 617 994 255
167 36 522 530 276 166 627 629 68 340 66 573 860 513 546 570 493 471 799 311 383 73 524 417 293 366 223 462 137 996 604 648 277 983 671 623 274 334 487 48 976 715 990 780 292 237 635 827 405 975 545 506 374 752 26 7 563 368 52 865 723 949 977 704 146 594 721 285 564 153 437 130 851 302 271 393 470 570 286 490 640 188 401 66 280 976 496 821 613 591 306 433 215 850 671 655 255 588 657 545
312 397 995 329 645 313 295 321 906 727 255 791 246 964 628 223 324 9 20 661 618 217 303 298 406 382 591 274 423 829 548 139 172 44 188 117 278 725 830 463 377 936 946 774 650 104 64 958 9 575 175 879 161 373 559 402 404 288 160 985 148 581 338 641 820 452 79 471 121 539 707 361 116 31 103 195 466 913 875 896 982 969 108 626 636 377 689 526 701 447 580 265 917 337 237 414 103 716 248 653
158 490 553 662 638 162 199 993 125 171 242 819 638 154 615 945 386 564 810 824 81 77 893 234 287 328 285 183 428 348 141 647 884 33 970 760 865 179 603 47 391 211 237 402 730 108 591 154 669 381 608 872 472 546 452 670 835 627 530 938 385 622 654 303 794 976 83 448 692 152 556 800 480 990 199 295 857 476 411 140 673 986 295 400 547 630 998 891 354 510 472 989 938 183 160 375 230 931 730 533
310 915 676 97 363 23 519 604 393 320 898 187 313 107 327 883 303 824 309 606 402 138 426 467 972 346 691 754 548 244 320 272 770 167 943 115 537 955 798 743 867 829 816 922 90 189 71 712 390 876 881 376 625 921 538 157 942 175 825 511 224 526 628 823 979 698 614 958 763 501 295 923 987 421 783 27 747 119 829 912 225 353 400 251 893 42 288 971 54 584 421 731 179 155 236 72 805 992 175 763
407 3 395 791 441 388 852 251 252 505 201 745 781 440 512 552 592 452 823 144 289 961 670 244 281 164 627 879 337 711 832 111 609 424 618 990 415 960 833 800 27 512 320 338 216 898 250 131 79 895 206 661 994 74 657 83 205 138 744 180 385 864 422 863 166 640 48 532 707 706 512 18 938 825 636 961 707 931 836 462 319 627 746 173 552 490 725 728 905 504 970 982 259 455 881 537 409 647 777 831
798 950 288 584 591 598 67 360 318 357 2 57 473 745 511 30 412 966 336 609 212 955 869 650 785 353 455 960 492 940 850 14 124 590 68 742 894 649 404 741 758 966 258 707 968 533 522 43 393 646 261 41 782 540 333 66 613 850 469 282 117 604 194 800 939 193 437 434 525 688 132 101 959 222 289 575 899 401 786 670 348 319 542 927 592 966 705 629 968 81 191 129 869 123 809 749 218 133 7 226
287 225 15 815 95 738 291 15 991 209 40 734 316 180 740 192 679 160 31 486 47 497 218 558 788 340 149 782 987 794 651 91 809 220 409 676 481 599 258 259 168 613 866 754 153 73 83 773 854 913 521 341 11 5 775 739 827 770 883 762 673 672 366 487 537 400 56 104 434 116 75 238 341 237 769 876 458 851 871 244 871 149 289 473 915 347 961 344 199 874 528 781 442 648 256 290 145 954 178 974
614 254 190 685 281 479 386 616 428 881 23 893 820 405 432 455 201 205 275 133 607 586 635 172 707 483 342 763 188 78 808 192 156 526 444 244 748 281 220 757 854 952 599 600 731 812 794 477 760 735 926 784 851 169 625 432 909 965 899 23 22 292 196 371 734 77 671 394 463 266 576 575 754 892 57 158 22 497 966 679 671 34 960 447 234 914 26 738 178 41 425 93 229 216 466 865 104 37 54 230
