5000 1000
15 62
144 17
95 57
62 62
128 41
134 64
83 100
120 32
56 46
136 122
39 59
43 60
100 147
104 142
110 18
127 120
117 122
117 103
26 47
71 10
38 17
87 96
49 28
75 18
118 32
11 107
123 41
130 55
105 66
55 78
132 117
67 123
97 97
133 136
21 120
55 140
31 59
145 149
97 141
116 32
118 54
38 65
145 97
103 63
94 14
131 84
127 54
124 33
30 107
10 120
61 96
43 113
25 126
77 126
32 10
19 27
50 10
99 142
93 35
22 60
59 55
144 21
150 72
99 107
125 90
142 52
33 93
37 33
131 144
75 108
39 114
120 53
64 130
33 80
92 15
123 41
36 68
66 94
101 83
63 40
144 18
28 136
69 13
132 85
73 88
88 112
139 91
15 134
147 76
81 18
118 69
13 74
35 112
121 124
105 40
86 140
53 85
106 145
52 89
44 82
49 31
81 118
86 147
110 35
31 16
53 17
82 68
47 134
119 102
89 63
80 16
134 48
87 70
43 89
84 60
18 116
38 87
102 17
64 126
82 72
104 53
56 140
20 67
30 141
121 111
137 30
11 98
141 126
130 22
61 76
109 132
73 80
79 18
28 142
51 65
85 51
83 96
73 110
118 145
124 130
110 71
89 71
20 87
38 53
35 28
18 70
135 115
18 43
48 86
43 94
127 51
133 87
22 23
147 100
102 98
51 136
134 11
100 146
139 95
98 51
83 137
98 117
32 120
31 37
132 81
37 70
60 41
109 111
74 132
22 95
82 134
52 84
88 78
42 150
124 150
20 109
32 87
144 124
127 58
59 31
50 110
36 20
58 62
115 140
19 70
61 125
21 20
74 83
63 124
81 100
66 18
61 116
101 45
146 65
97 37
145 142
144 18
34 112
73 53
141 122
66 10
43 126
134 20
122 134
91 40
84 21
109 91
136 47
32 74
103 125
130 52
117 35
51 47
44 94
12 40
140 108
87 92
11 142
104 96
32 76
64 58
78 104
67 19
56 107
33 120
127 69
15 81
124 128
12 86
73 23
47 34
72 105
70 131
15 99
146 28
84 34
40 60
84 57
137 119
31 76
120 121
33 103
118 105
79 116
110 74
116 14
55 100
99 141
54 141
56 123
150 102
38 56
70 80
68 25
52 85
86 18
106 99
87 56
53 84
80 94
24 10
27 92
131 28
65 47
86 86
135 81
126 114
119 87
38 87
76 95
55 139
146 108
118 81
63 55
80 115
95 14
54 63
100 132
146 64
69 113
94 106
100 75
36 22
34 18
125 107
41 120
30 74
84 107
53 19
116 48
65 128
143 111
90 133
61 103
90 49
86 30
94 45
73 118
53 117
57 81
76 113
86 108
52 143
46 98
77 59
118 129
104 99
20 120
43 132
21 133
44 130
34 58
52 92
69 103
11 16
63 148
45 95
137 82
127 101
144 104
81 55
42 26
122 141
14 84
143 21
135 147
50 100
137 65
11 21
19 27
43 100
38 130
42 70
132 78
121 53
96 149
63 24
92 14
102 142
110 40
54 59
122 144
125 106
47 145
35 87
27 125
64 72
127 125
100 53
16 27
141 99
67 51
139 122
25 48
133 150
146 37
121 105
35 68
132 57
56 50
12 148
24 94
143 19
35 114
141 120
147 101
57 35
20 119
22 48
10 32
116 48
113 80
72 120
114 28
67 63
113 40
95 71
63 97
22 78
28 135
143 83
80 37
27 20
56 101
134 32
133 73
144 106
70 31
16 15
65 37
61 78
27 113
74 36
72 140
89 121
51 40
112 15
141 13
67 109
38 107
66 86
116 64
123 145
12 125
73 127
66 16
48 93
58 113
64 14
49 10
53 25
72 75
78 25
75 143
125 50
24 113
56 144
60 68
150 109
51 41
36 81
17 116
144 39
126 30
35 102
80 115
107 32
87 87
78 96
112 149
44 142
74 116
57 140
21 41
18 39
26 45
81 65
29 111
41 102
134 46
111 11
81 65
58 62
62 73
58 69
127 101
127 10
100 52
28 78
20 106
64 80
93 49
61 22
116 23
95 36
88 16
125 138
64 145
51 28
137 130
94 113
138 122
114 137
46 142
115 103
27 40
143 91
71 65
11 22
112 93
125 73
88 149
139 120
25 21
144 114
61 26
111 17
39 30
138 44
24 70
20 113
20 25
139 139
60 100
139 137
20 49
149 90
112 79
137 91
142 36
43 145
147 79
73 127
31 49
90 94
70 96
117 118
148 40
54 72
32 65
30 33
122 15
121 32
34 71
54 22
126 48
117 23
112 93
109 84
98 109
77 65
83 138
88 133
24 81
30 71
51 106
89 92
15 115
44 139
40 107
96 63
145 101
62 31
146 132
140 70
80 51
26 52
117 89
114 103
117 110
109 27
18 93
25 105
137 70
27 107
53 148
105 99
38 128
13 27
124 48
23 66
94 127
38 105
63 49
140 53
113 114
149 75
99 129
33 90
105 117
142 51
106 15
99 46
26 129
145 65
78 98
89 19
51 12
98 144
24 104
125 117
126 94
146 21
125 83
18 113
115 72
127 93
47 124
133 10
56 131
149 104
140 132
29 44
64 38
124 146
51 110
113 98
42 39
150 22
48 106
63 76
51 62
123 34
34 146
83 60
109 66
127 126
148 46
150 34
127 102
87 136
73 99
74 115
28 59
118 135
64 35
58 31
117 96
116 79
50 147
46 129
124 116
138 33
70 56
124 142
98 18
85 94
134 136
25 72
49 17
101 70
44 21
84 142
77 64
34 100
23 144
89 87
88 32
115 147
109 51
85 28
32 92
148 79
56 97
114 57
77 116
27 76
72 145
145 109
31 104
11 19
10 145
36 134
16 52
66 112
95 37
147 57
120 51
85 123
142 106
117 131
60 67
78 59
69 112
53 96
60 119
101 24
140 36
25 73
81 74
10 98
94 142
96 121
71 71
133 32
144 81
58 15
21 28
131 148
74 52
98 26
112 148
66 143
31 27
39 57
107 52
109 149
84 115
43 67
48 45
90 89
83 101
72 94
71 23
35 65
50 99
52 77
41 65
10 43
18 72
89 20
34 125
71 74
115 54
63 23
26 36
104 10
133 108
90 17
110 149
109 47
22 68
47 107
52 44
117 120
27 50
83 45
29 135
20 42
111 74
111 113
104 123
127 114
128 57
102 121
38 150
87 53
53 18
147 122
11 18
58 97
29 144
143 105
21 62
127 41
49 17
134 104
59 134
93 122
62 41
94 26
150 85
125 141
122 112
115 21
109 112
76 114
18 88
61 57
34 147
56 38
60 88
126 85
15 62
125 75
117 80
59 58
11 49
147 71
128 74
104 114
21 64
74 84
85 30
10 123
99 94
37 58
117 135
141 34
23 83
110 121
50 145
51 61
91 114
25 113
100 68
13 92
143 72
136 135
41 134
122 103
14 66
148 81
25 47
70 128
122 70
150 137
76 93
100 143
90 28
83 101
77 54
12 21
111 135
31 130
139 32
81 120
42 11
14 143
134 59
95 86
101 63
71 64
61 35
143 31
139 27
101 17
143 30
116 103
106 43
21 126
53 77
52 46
56 130
120 132
56 106
149 65
29 143
146 30
83 93
39 125
14 80
51 57
126 55
73 117
123 126
80 23
58 123
53 60
123 80
49 19
26 34
99 11
82 116
44 114
86 32
54 118
57 130
128 53
113 112
47 132
48 117
94 34
68 126
74 46
86 103
91 29
126 145
122 104
27 52
102 42
14 52
89 104
40 18
35 145
103 20
46 43
10 135
24 148
57 71
48 79
35 69
30 57
27 61
138 15
23 105
126 118
47 79
24 63
146 59
95 49
15 106
18 111
147 68
116 81
67 50
102 68
120 85
147 90
21 92
49 36
132 16
38 64
97 78
126 17
29 76
12 134
107 59
50 149
93 79
22 88
99 124
144 25
118 69
137 17
113 45
20 16
56 66
124 27
67 19
10 124
106 69
28 121
81 99
27 22
110 48
84 41
38 105
70 14
75 50
44 44
79 91
102 59
70 23
99 118
65 143
98 16
92 38
97 100
104 131
35 56
105 143
36 25
44 56
86 122
119 69
95 60
81 43
100 11
29 13
133 108
57 61
73 65
127 97
64 149
34 80
23 127
135 52
73 74
121 128
143 71
140 66
40 52
126 148
74 57
103 127
146 63
89 51
41 11
39 102
118 98
67 107
44 58
125 108
22 68
76 41
133 125
106 54
146 70
119 81
98 101
52 62
132 117
114 146
90 52
96 13
85 64
127 111
45 46
15 121
105 33
62 48
44 132
52 39
34 66
64 17
72 145
61 48
94 107
139 128
49 14
143 141
81 49
44 81
126 15
120 65
68 78
94 13
145 97
134 105
105 25
145 113
72 15
57 47
84 38
133 48
122 77
92 54
26 45
84 52
51 133
128 126
44 31
130 34
98 69
142 29
97 110
69 85
77 41
35 42
10 52
57 13
127 12
63 60
143 16
26 31
79 39
67 104
141 47
53 148
117 18
87 48
36 89
39 22
118 142
70 36
144 68
129 137
68 122
56 103
117 42
149 148
72 110
36 112
127 127
135 142
90 103
14 92
145 75
95 128
14 86
92 109
62 14
137 101
51 56
141 69
46 61
34 55
70 14
14 33
46 49
99 121
120 120
96 85
129 70
63 48
86 11
92 111
15 100
62 70
129 101
85 44
77 145
61 88
57 84
142 78
11 119
121 53
94 68
114 147
86 124
90 129
136 135
115 100
123 35
21 79
127 123
94 134
86 48
11 84
129 134
38 47
137 133
44 130
17 22
110 83
91 145
61 25
112 11
112 113
95 95
52 115
29 90
107 138
46 43
46 137
67 65
19 107
144 93
110 45
130 135
94 116
86 21
80 115
83 34
70 28
134 148
68 55
27 107
110 58
59 82
94 75
123 27
140 59
102 83
75 68
129 54
13 88
89 134
31 10
69 147
66 56
68 122
130 139
106 112
33 21
128 123
46 74
18 109
63 70
141 34
29 66
131 39
43 34
110 136
97 73
35 128
63 20
125 95
24 130
86 101
18 19
107 39
68 72
79 117
80 41
92 146
45 83
27 79
113 141
68 91
93 144
129 27
11 108
20 92
90 142
60 127
129 146
46 49
41 32
76 52
34 47
81 116
75 29
32 126
143 15
59 115
127 105
101 66
141 131
61 69
69 73
142 101
17 18
65 125
41 30
81 64
107 83
59 12
53 108
28 116
30 59
148 79
84 72
139 89
11 36
50 74
69 21
112 115
139 136
104 11
83 40
41 100
115 107
49 26
142 131
53 83
47 81
93 125
33 87
38 91
117 137
28 54
139 29
106 46
131 142
116 72
64 76
53 65
28 99
47 127
41 149
101 139
118 99
86 100
117 31
37 63
132 74
87 129
112 108
131 136
43 104
129 71
76 54
92 141
76 142
118 142
91 115
40 37
49 87
23 46
76 147
121 47
35 92
73 16
141 128
124 115
27 74
92 123
66 137
116 144
14 67
80 81
136 90
90 120
47 120
142 89
32 60
71 131
34 150
13 133
25 100
93 81
75 91
144 144
20 101
20 52
99 15
107 118
65 103
29 44
117 45
11 74
127 104
36 85
62 137
110 117
57 69
15 72
70 122
84 113
33 55
75 61
142 106
129 106
131 138
91 135
62 136
108 30
46 117
59 46
58 76
137 148
53 13
29 26
49 119
56 25
128 87
106 37
96 119
100 146
140 48
25 19
142 121
53 134
38 69
105 83
47 105
121 20
80 34
111 90
67 34
62 28
105 14
66 11
81 139
26 113
31 79
55 66
11 56
82 97
12 73
111 53
135 39
104 31
69 136
16 82
70 83
44 91
70 13
40 11
68 150
23 138
75 20
129 145
125 56
63 114
99 136
88 28
109 131
11 63
112 89
69 43
58 101
107 142
129 93
79 123
118 56
65 98
37 26
142 18
142 37
74 120
37 62
125 103
92 58
104 113
22 48
32 74
130 55
89 12
50 14
91 34
65 28
73 97
75 60
18 43
68 135
82 59
94 46
147 58
36 144
80 19
73 26
136 73
50 61
43 66
74 97
137 32
91 148
94 20
58 144
73 127
119 33
50 135
82 53
139 32
145 97
72 89
123 99
47 123
125 143
58 27
140 112
18 14
78 71
80 111
103 47
21 77
125 100
124 66
77 140
15 27
63 14
40 37
119 61
22 30
150 72
80 14
37 109
148 116
87 96
87 82
93 103
52 146
134 135
36 25
90 59
99 20
108 112
58 42
92 47
76 71
47 123
56 146
105 59
12 35
137 65
35 60
43 148
79 122
14 82
111 77
69 83
13 26
73 93
109 11
93 60
36 91
80 85
141 137
38 80
49 74
57 38
73 97
17 105
149 33
100 83
14 147
123 70
131 46
140 68
51 97
89 123
143 81
33 76
14 66
16 34
61 99
17 110
32 101
39 80
129 61
80 13
55 126
61 27
70 73
99 140
126 24
112 31
149 36
13 79
127 136
131 99
26 143
71 149
143 28
77 75
144 97
124 50
122 124
32 52
95 44
112 58
122 141
81 38
17 121
19 89
55 38
35 52
41 146
99 42
26 114
80 79
42 20
47 49
100 22
23 78
47 48
127 30
24 91
59 124
19 106
32 41
99 118
31 39
53 18
14 21
84 139
45 64
129 31
130 107
19 43
36 116
145 147
107 124
88 71
133 92
147 120
109 99
127 138
72 66
116 35
45 65
103 30
74 150
11 146
65 117
41 12
128 96
25 59
110 90
33 114
42 69
86 19
56 46
97 125
118 41
56 147
116 140
103 136
41 24
112 136
16 20
69 110
84 74
102 118
149 130
114 141
43 67
113 32
121 105
66 47
123 41
101 29
79 95
93 97
135 36
67 87
91 149
117 37
76 52
117 61
96 43
95 118
25 148
80 131
124 115
63 70
108 52
32 57
25 59
39 122
87 91
97 84
150 147
87 80
148 66
150 121
42 47
75 17
33 105
37 145
63 26
42 71
130 43
75 32
50 102
34 24
71 70
82 131
64 34
143 22
20 143
60 146
46 129
48 150
123 99
43 94
150 89
136 69
24 146
150 65
85 139
104 138
34 115
97 127
93 38
138 70
27 26
38 48
16 149
139 150
64 99
136 39
57 123
76 134
129 122
61 135
117 44
21 130
132 50
112 112
121 133
77 125
32 96
124 106
42 65
14 19
150 130
128 39
101 64
45 30
126 126
57 37
149 146
56 133
136 53
121 94
92 76
54 24
12 28
59 57
129 113
40 141
37 96
117 146
88 73
40 74
66 109
40 63
108 72
61 105
140 52
29 41
33 43
143 95
67 94
74 35
43 56
98 10
125 120
120 68
64 32
147 92
68 87
149 11
38 120
146 89
108 111
143 115
144 71
134 83
126 53
117 67
117 149
142 115
116 110
45 116
22 88
87 54
59 78
51 91
144 78
90 113
118 34
108 148
74 88
126 46
126 67
80 149
130 28
52 11
89 131
104 12
105 107
22 102
123 33
87 65
54 13
10 46
12 44
145 136
111 15
80 140
104 62
79 40
30 81
118 67
135 108
44 124
130 87
65 22
55 32
140 125
24 49
141 52
118 57
146 12
127 149
39 69
57 90
121 47
87 49
144 59
138 115
123 114
113 74
130 119
44 76
142 72
77 98
42 114
23 21
139 88
143 70
94 150
50 66
86 118
121 128
39 15
124 82
37 36
113 128
16 97
82 122
125 52
51 107
95 77
91 73
140 22
112 22
145 20
135 118
87 134
69 90
95 142
106 19
147 98
103 24
33 55
114 65
128 87
61 94
91 37
146 84
99 47
71 95
125 92
65 28
74 59
115 146
117 119
24 21
97 140
56 93
102 71
89 56
123 63
96 127
96 102
125 34
104 122
83 75
79 86
113 45
137 70
32 86
79 43
142 59
40 72
39 16
59 129
71 40
122 134
100 102
66 112
78 149
31 106
136 52
104 81
15 26
57 18
119 63
44 127
121 98
97 92
42 117
72 98
144 117
114 102
67 120
138 150
21 42
30 62
70 78
77 51
65 139
131 132
37 123
116 15
72 36
55 102
27 57
35 132
98 103
70 102
50 15
70 79
27 46
82 91
57 73
106 96
93 144
106 75
52 149
61 146
22 39
16 138
148 150
103 60
85 55
119 133
38 10
78 139
69 33
82 56
14 38
91 94
89 148
116 28
27 136
18 18
138 131
40 90
121 134
51 95
39 63
101 46
21 17
10 109
132 81
60 75
26 39
122 74
87 74
52 70
90 138
116 115
94 61
100 77
36 52
142 101
78 31
16 133
32 56
36 95
100 27
82 150
115 26
127 36
76 61
53 41
150 102
60 137
40 51
136 129
78 116
79 41
120 68
128 146
40 46
47 119
91 83
77 35
66 49
72 142
52 101
15 75
75 23
110 133
68 99
114 30
42 78
10 49
11 127
41 34
129 91
65 71
58 56
33 24
96 50
85 88
17 40
32 26
143 38
113 17
94 33
135 52
150 72
29 42
28 89
39 32
104 91
44 90
60 12
29 92
31 111
128 52
45 34
109 86
30 112
40 69
131 71
125 90
116 74
20 87
50 74
21 108
66 141
62 148
121 121
53 137
87 77
110 142
77 59
119 141
55 75
17 85
121 54
129 20
112 23
138 60
67 63
84 27
78 80
38 65
74 105
38 73
137 67
150 45
67 68
50 109
108 19
122 34
121 36
35 103
23 95
27 55
128 56
15 84
65 91
32 12
61 12
109 127
11 41
132 68
78 92
143 126
116 33
52 79
30 149
36 94
54 108
147 17
70 56
128 113
37 45
84 73
15 40
148 75
66 150
25 131
17 131
141 114
131 126
90 16
75 49
83 124
17 125
95 145
90 100
62 33
21 117
127 117
92 41
51 43
19 43
125 59
23 130
39 129
142 84
86 73
124 135
118 40
128 126
137 49
13 25
58 31
44 101
129 123
62 42
75 124
142 44
17 56
14 131
143 95
98 86
84 117
97 109
46 101
128 142
139 126
80 15
92 90
66 117
52 75
74 68
76 106
106 28
138 126
25 75
29 147
147 17
65 99
39 135
149 85
120 95
28 61
75 39
20 47
63 41
60 114
70 40
87 65
20 120
75 132
48 143
29 118
34 95
116 14
141 103
123 45
91 45
69 145
117 61
62 58
44 31
73 136
57 61
24 115
90 52
59 88
61 66
12 49
121 29
126 138
89 48
65 127
30 70
47 11
91 78
65 59
91 107
71 120
72 35
48 118
66 85
119 109
75 84
23 10
17 19
27 10
139 33
109 85
105 92
86 114
72 24
110 55
52 64
44 13
40 58
139 135
114 74
21 101
49 99
27 84
56 50
21 83
119 98
94 137
40 29
130 57
19 108
113 17
136 121
86 43
91 123
140 12
18 55
35 58
52 113
23 32
15 54
68 25
93 74
136 45
145 113
24 135
18 34
17 57
111 34
42 22
15 70
88 99
34 65
64 140
43 108
20 60
20 77
118 43
18 71
72 78
25 52
78 76
35 143
100 123
80 21
102 127
148 28
46 74
58 143
41 70
58 118
128 18
148 36
11 88
139 35
89 99
26 43
56 61
133 54
72 86
32 55
10 34
94 78
142 46
112 89
150 95
87 35
16 66
101 23
113 134
111 53
36 94
78 12
17 82
94 15
128 39
110 138
123 109
138 66
124 113
55 139
116 52
122 29
129 128
146 126
105 138
98 78
18 84
48 73
24 53
58 85
140 121
24 55
26 21
137 119
46 146
55 140
115 111
103 81
85 63
73 71
113 110
99 88
119 86
77 54
95 134
71 92
65 93
87 70
24 72
93 129
81 63
100 88
32 120
63 136
143 76
138 47
129 50
55 49
77 78
102 117
102 74
37 19
16 85
61 72
69 28
47 97
131 16
100 75
149 143
93 128
89 20
113 73
36 131
137 85
101 135
122 150
95 139
53 92
91 133
56 66
39 75
31 38
81 19
34 122
51 134
48 150
91 71
43 43
113 89
82 47
105 70
52 125
71 45
33 150
10 55
39 145
12 143
129 40
43 104
11 41
142 65
46 141
148 121
50 32
43 70
108 58
59 20
105 134
76 23
57 51
68 72
114 71
91 76
67 115
17 148
132 69
146 48
18 43
77 15
64 72
62 12
132 91
87 31
63 34
121 57
81 121
27 89
50 114
96 19
21 130
21 138
96 21
115 90
100 65
139 91
17 12
15 85
16 112
81 65
62 63
30 85
125 91
143 101
49 29
123 50
91 23
20 55
10 39
11 41
103 142
26 115
120 110
76 98
143 37
22 87
65 62
20 30
110 76
106 105
92 100
83 116
17 70
40 43
12 26
76 43
113 139
24 40
22 67
150 27
130 79
42 55
74 121
133 55
100 36
74 105
127 52
23 57
68 87
71 60
125 131
80 27
59 73
84 64
146 143
79 28
16 105
143 68
94 70
59 88
143 136
15 29
133 16
136 92
46 130
59 97
59 17
58 100
122 142
127 100
107 119
58 50
114 135
92 36
35 42
41 72
97 58
103 42
30 59
56 28
47 83
10 39
18 105
78 146
87 121
54 45
33 37
10 147
75 19
50 50
107 82
31 92
80 115
124 122
107 66
83 10
62 145
93 83
103 102
108 26
16 117
42 140
10 72
141 105
72 92
55 59
27 120
90 24
68 87
66 72
129 49
23 55
100 27
103 27
97 137
80 68
124 149
15 64
44 38
134 135
86 63
82 118
80 13
54 148
31 127
43 81
87 17
45 56
128 83
53 101
47 25
115 149
112 66
59 134
144 15
86 12
46 81
83 134
18 69
125 123
59 96
96 118
27 145
70 126
47 105
17 99
45 124
58 79
98 66
149 121
144 13
97 74
109 23
135 22
69 127
64 149
135 126
141 110
110 57
103 116
52 91
142 107
137 57
61 136
59 132
57 74
88 142
63 12
70 16
89 87
111 148
74 41
138 115
10 65
106 42
35 121
126 119
38 134
88 127
138 62
81 96
130 68
48 109
20 83
72 42
97 53
120 59
69 118
106 68
83 17
123 141
104 149
21 17
19 51
107 15
126 37
29 56
121 73
34 53
129 49
18 98
30 142
67 134
49 113
115 62
122 130
146 51
65 48
18 70
60 84
139 102
17 116
76 113
28 109
131 103
97 123
89 42
123 125
101 13
136 61
70 72
20 88
64 128
31 33
105 59
21 111
68 127
55 119
54 105
13 123
32 18
61 22
93 64
114 74
54 22
15 85
115 71
108 121
39 87
52 150
28 108
138 74
31 74
79 58
45 53
92 130
100 77
40 111
124 91
62 92
80 78
41 46
109 123
61 133
146 135
148 143
73 48
11 118
125 31
134 134
131 55
32 65
74 98
108 144
56 54
36 136
105 68
123 140
108 73
99 60
147 67
34 114
52 34
132 71
98 75
121 10
61 117
31 73
63 114
53 70
54 123
98 121
63 26
15 113
45 44
17 62
93 136
30 93
40 38
126 116
94 91
19 20
114 35
84 115
48 106
119 96
46 15
90 65
27 97
96 144
31 111
136 31
138 21
27 47
16 75
12 128
67 91
144 129
11 127
39 140
126 33
138 80
52 95
70 35
104 74
125 130
52 139
123 37
68 107
59 137
91 131
79 107
91 113
128 16
135 28
150 46
99 127
100 127
140 32
61 47
68 34
92 46
133 94
98 127
130 73
117 140
70 145
32 12
138 57
24 82
91 26
13 47
89 86
59 127
135 56
125 108
98 65
55 110
70 31
64 148
101 139
148 86
82 132
13 147
95 39
40 32
115 36
67 66
125 66
95 125
97 105
45 61
47 80
29 103
53 62
146 55
94 18
57 10
59 60
61 28
42 24
130 143
71 147
113 60
90 24
55 77
59 85
137 71
17 70
27 88
33 10
66 125
116 93
78 37
80 79
86 72
57 136
103 104
79 29
94 134
37 43
100 139
149 68
118 79
100 31
144 115
106 99
35 63
113 123
106 16
45 37
58 24
147 83
31 83
64 112
31 88
26 148
49 125
125 126
14 121
22 135
135 46
38 28
45 41
130 55
17 95
71 142
87 75
20 47
37 84
51 64
112 52
66 150
54 133
43 15
137 35
95 20
17 143
105 143
76 91
114 67
23 120
60 114
30 11
61 113
78 126
84 140
92 74
101 71
149 139
65 13
29 11
39 140
28 60
94 100
74 67
40 116
136 60
62 62
21 115
142 70
40 126
15 107
27 134
52 21
77 93
28 109
62 130
43 63
46 45
26 53
54 114
135 105
76 45
149 35
68 128
98 124
45 116
130 133
131 43
31 19
51 132
90 61
131 115
32 124
141 109
75 32
63 62
119 25
115 37
42 147
132 63
37 93
130 13
150 113
80 21
84 96
63 62
109 45
134 33
39 131
125 77
106 123
42 107
105 141
142 42
96 112
124 20
40 96
50 70
99 19
93 145
101 53
136 147
85 58
78 126
99 52
111 138
112 66
119 84
43 137
148 80
110 120
28 103
131 86
87 110
103 67
48 100
145 97
147 146
77 122
71 142
44 18
42 70
100 34
16 70
120 144
45 11
27 122
99 148
28 134
26 33
114 147
37 148
108 25
39 139
98 35
37 68
78 46
128 74
123 46
60 108
130 66
78 131
85 56
122 39
135 50
88 96
89 14
86 132
36 102
129 58
49 47
103 64
38 114
13 125
143 28
62 115
85 77
37 86
24 51
96 121
59 99
55 91
97 120
25 150
56 104
81 40
16 11
57 13
121 27
81 103
16 24
136 112
110 16
32 82
51 59
74 55
118 74
71 34
34 24
76 145
56 14
137 85
119 43
91 141
144 125
67 95
29 122
48 81
68 33
132 20
27 136
35 127
115 147
97 41
26 97
105 82
51 115
123 66
147 141
78 74
121 127
61 52
67 139
127 36
112 76
87 60
106 36
127 62
58 103
11 102
36 49
111 112
62 118
132 70
10 118
121 120
126 20
55 31
144 143
78 74
79 65
112 105
40 18
26 78
78 113
15 32
84 37
62 55
56 56
35 31
47 83
111 136
74 75
113 65
130 35
148 129
99 86
120 49
125 110
96 86
33 131
97 100
26 145
100 135
119 82
125 86
138 51
105 17
17 14
23 98
52 79
94 77
127 31
97 13
116 72
73 63
16 146
13 136
53 120
75 42
63 135
36 26
91 133
24 56
96 124
131 30
46 25
38 13
27 29
50 29
89 115
132 43
62 95
56 116
110 63
72 74
19 82
44 107
145 145
149 110
110 87
130 132
36 10
91 139
54 34
31 105
80 113
97 116
22 16
110 36
92 73
32 146
22 125
105 43
43 44
94 19
70 23
125 97
44 140
150 90
58 69
58 117
129 122
149 86
146 144
13 130
41 129
143 130
86 69
76 43
12 115
11 16
30 88
47 17
126 57
110 141
40 29
45 97
12 128
73 61
66 39
27 105
123 146
140 73
83 94
87 135
10 96
105 105
87 103
44 122
97 18
65 12
112 59
110 139
60 67
120 21
97 53
62 34
122 73
115 49
23 96
138 19
121 78
42 142
12 53
115 120
54 140
80 90
89 22
38 32
84 53
106 101
80 56
96 11
134 85
55 95
96 130
83 49
107 19
64 18
146 89
145 106
136 106
63 68
104 21
40 122
36 141
11 36
58 100
61 39
86 38
60 18
134 106
107 30
141 42
72 39
110 66
79 93
145 103
108 149
53 131
138 49
70 132
107 32
99 88
47 23
113 76
126 60
107 53
15 100
150 11
46 68
134 47
67 25
82 101
108 106
130 36
67 22
96 107
139 129
114 80
74 27
87 86
149 26
43 121
79 76
122 121
82 34
47 25
78 35
78 58
19 137
57 77
80 30
96 10
94 53
104 107
145 129
53 146
128 147
119 66
118 83
37 141
124 122
10 85
88 84
112 135
85 56
127 43
101 58
61 48
136 38
55 95
149 99
116 26
12 36
148 90
55 139
95 110
61 16
47 41
100 126
51 121
10 17
68 38
46 66
144 123
121 43
102 146
149 61
111 17
133 95
57 33
125 60
111 13
13 27
96 28
88 148
100 131
96 32
42 139
26 138
135 65
41 89
99 93
39 18
40 63
135 143
141 73
27 79
26 12
56 72
118 113
142 95
51 18
49 124
56 119
32 54
79 109
64 117
66 94
18 108
72 115
78 27
131 83
119 15
107 64
137 51
69 49
131 145
29 118
101 140
12 14
40 33
123 70
78 103
24 11
74 94
21 145
38 128
67 40
22 53
28 34
101 101
145 79
124 12
90 96
64 21
122 14
61 83
121 13
122 127
64 50
125 117
73 10
26 87
68 70
50 24
137 17
89 127
143 114
74 34
74 112
135 131
32 106
54 18
13 91
121 40
62 105
51 14
88 131
98 134
76 64
116 98
112 84
47 25
40 128
114 15
43 62
126 79
34 80
77 84
28 123
140 72
41 30
148 17
79 20
68 49
27 89
125 39
66 147
80 82
97 29
30 120
83 34
147 123
126 71
29 150
88 54
17 146
84 115
130 71
103 145
36 90
71 53
42 99
146 27
113 132
10 83
65 24
121 132
53 62
61 75
34 93
53 49
48 35
56 20
148 55
150 78
98 109
116 136
64 89
125 57
72 83
110 87
57 72
33 40
84 140
75 149
27 33
82 118
81 26
94 111
94 61
76 38
62 35
68 15
135 100
93 138
90 122
148 135
118 17
41 87
108 129
30 112
80 16
128 116
51 27
99 123
137 103
125 18
141 141
117 83
22 13
11 147
107 36
16 146
118 21
34 136
42 110
123 14
110 84
102 53
33 51
58 61
27 20
34 106
47 41
128 78
83 145
138 24
63 101
143 63
144 75
98 34
128 105
110 47
36 108
56 30
140 150
121 49
85 54
122 80
92 86
81 92
127 107
84 79
113 106
23 41
144 100
123 83
137 42
103 67
137 12
49 31
23 77
88 39
59 36
87 123
90 109
42 84
60 122
146 61
106 58
12 91
130 68
62 92
58 131
76 68
122 47
137 148
32 61
49 21
28 52
51 35
78 108
107 92
68 88
98 76
28 142
60 79
32 33
149 63
37 98
122 58
98 120
149 32
52 132
143 84
55 18
117 78
100 27
148 40
62 146
57 98
11 43
39 23
128 26
61 28
107 80
59 50
22 143
60 21
18 54
35 28
37 47
122 95
116 107
43 150
67 144
73 138
147 77
116 13
82 97
36 142
16 36
103 20
110 86
100 72
88 89
76 145
27 22
143 52
142 33
10 74
75 93
135 111
92 144
138 91
115 46
139 97
17 44
72 115
143 56
13 139
53 14
53 23
92 68
43 74
126 10
62 70
47 95
40 121
38 104
62 59
108 28
91 27
97 130
122 83
100 23
14 84
23 81
46 137
46 124
72 112
61 135
121 19
13 109
15 39
115 60
90 41
93 127
144 44
85 93
19 85
29 100
65 29
125 88
47 136
135 127
149 19
13 11
62 22
92 49
114 119
145 72
32 118
39 107
48 51
11 117
17 96
86 88
128 55
35 130
129 53
10 17
114 71
100 85
65 21
101 67
22 81
41 145
99 66
109 41
46 125
77 110
18 11
120 33
18 78
65 57
58 133
124 81
141 103
142 93
55 17
67 117
11 93
89 109
83 10
77 61
146 25
29 70
68 67
33 139
84 88
114 79
78 75
100 111
87 94
145 115
69 130
38 89
71 86
149 14
97 25
116 76
95 121
72 52
80 81
96 144
50 117
12 79
59 31
35 125
16 119
24 15
97 111
86 146
75 47
43 109
16 41
70 61
105 65
115 25
47 78
45 111
68 11
93 124
130 121
94 46
44 103
26 80
93 79
55 82
59 113
41 68
132 125
40 132
78 22
148 106
149 131
36 140
47 35
20 88
60 150
33 43
106 17
47 139
27 73
128 61
150 85
97 30
91 75
139 40
113 85
29 118
51 119
51 50
48 144
75 78
75 54
49 14
86 40
36 70
121 50
144 132
106 116
42 115
64 114
84 79
38 73
136 142
123 116
132 90
63 14
122 55
73 122
110 82
49 117
131 37
21 141
124 39
123 109
35 81
99 18
114 147
27 133
109 130
107 75
55 37
52 72
70 55
128 118
37 45
16 47
49 29
128 30
102 92
107 120
35 98
86 141
11 109
145 131
43 90
38 134
12 95
36 122
149 52
130 45
136 114
71 50
55 111
130 52
95 99
19 85
44 67
86 42
76 22
94 103
17 83
128 11
118 104
144 92
108 99
24 58
117 47
123 115
136 126
88 43
40 45
20 10
50 127
40 133
92 117
24 53
17 28
87 18
80 48
110 84
127 94
129 38
94 69
33 54
102 40
86 127
139 44
103 107
149 141
22 124
137 110
108 127
108 25
80 52
62 64
82 59
19 30
131 135
91 42
59 44
142 62
110 123
34 37
62 135
19 44
107 109
67 27
144 90
150 59
23 87
69 30
91 76
25 38
95 99
137 97
23 11
111 99
117 74
56 101
55 58
107 81
79 113
64 46
77 98
120 111
110 11
149 79
53 70
138 36
140 107
141 54
47 36
29 82
117 101
22 22
76 112
63 85
82 51
51 65
84 118
34 38
46 53
60 122
83 15
86 17
78 23
82 56
139 149
122 139
17 116
125 130
49 103
73 147
94 15
30 51
114 131
18 39
52 99
81 37
35 78
108 140
15 67
28 141
90 118
132 90
81 69
82 27
92 75
115 16
136 41
84 110
20 102
60 150
32 25
99 124
94 18
34 27
50 56
145 126
12 129
123 26
58 135
35 26
124 21
138 132
107 18
104 85
66 79
142 45
50 141
129 34
103 20
38 92
70 44
18 62
120 129
147 23
26 135
67 103
102 40
134 117
87 34
106 118
42 10
64 116
108 28
143 148
95 55
10 12
43 86
42 111
34 134
132 27
138 96
111 136
74 83
60 20
104 132
57 136
73 26
114 39
140 117
97 17
77 14
42 46
99 12
135 141
135 130
11 132
109 149
78 26
96 128
37 61
40 40
73 55
95 145
128 110
58 54
64 55
109 84
52 101
75 114
134 103
91 56
74 32
38 40
138 33
145 116
38 13
116 76
56 121
88 85
128 138
110 30
136 90
61 120
122 123
109 31
137 76
132 86
101 19
27 44
94 32
135 65
56 19
57 73
40 80
74 150
26 146
82 130
94 90
98 72
49 21
75 129
34 146
134 78
143 10
119 18
79 38
146 108
41 77
89 34
24 127
13 70
126 11
130 80
145 89
101 93
34 150
96 85
115 28
91 20
98 16
69 139
85 72
13 10
48 111
79 77
136 76
20 54
140 115
141 132
137 126
38 82
106 27
111 94
118 95
127 49
94 10
121 57
135 25
121 69
88 109
99 120
145 53
64 142
56 146
29 69
148 27
112 100
108 71
20 53
81 17
115 118
60 122
52 76
119 146
43 97
120 52
72 62
21 78
50 63
145 80
143 88
48 112
78 75
72 86
144 86
141 84
129 59
27 59
142 87
24 130
118 45
28 75
99 140
130 100
16 25
26 127
136 140
14 120
130 124
92 124
61 35
66 119
28 78
50 146
43 48
138 79
16 103
113 67
46 47
67 94
105 136
32 21
69 145
129 24
139 89
13 49
97 26
69 38
110 37
17 143
63 70
142 96
127 150
84 12
72 113
28 37
38 119
93 99
97 91
64 57
12 73
125 45
105 100
101 66
146 10
113 141
31 122
88 27
35 49
28 127
108 95
32 132
17 116
42 120
84 103
11 106
68 60
124 11
18 92
41 86
50 55
70 133
71 89
16 66
93 77
67 78
41 122
18 54
89 82
142 60
128 64
143 67
11 71
122 99
62 25
102 89
36 38
11 72
45 68
122 38
93 148
83 55
92 89
26 14
48 81
133 147
59 25
93 90
25 122
87 136
116 128
99 146
17 66
88 90
79 28
92 123
105 120
68 49
70 76
124 42
13 10
147 86
109 51
100 92
75 117
88 138
140 13
75 30
94 128
89 77
40 133
41 104
44 21
134 41
138 112
141 72
117 72
128 36
110 62
146 18
148 36
55 28
88 124
75 25
93 18
142 63
35 47
65 12
58 36
93 90
34 112
122 11
116 20
116 130
119 140
90 45
45 93
109 72
135 102
46 61
35 139
42 95
97 146
90 146
138 114
94 137
74 101
100 89
88 148
16 31
140 105
69 107
49 23
29 102
72 83
96 89
147 146
64 103
24 142
59 101
41 93
101 28
81 124
139 117
34 129
81 108
41 100
19 95
92 149
91 65
54 108
60 145
116 10
36 34
58 77
10 141
108 139
11 97
21 51
24 24
70 16
38 56
105 133
110 86
145 101
41 95
43 15
58 112
102 77
139 26
18 106
33 78
112 39
130 89
149 59
134 98
54 61
112 72
36 102
71 117
36 94
89 117
47 111
122 40
134 18
109 122
89 21
18 112
103 69
53 99
82 29
45 87
38 38
68 94
62 17
47 63
78 109
31 137
131 111
145 65
15 40
88 115
54 67
82 45
101 56
121 53
37 140
130 106
131 25
33 146
102 67
139 81
22 41
58 108
54 72
58 106
131 31
94 46
29 58
36 14
40 66
86 138
17 63
54 86
100 147
38 25
138 55
86 91
40 64
28 18
116 65
122 131
68 145
112 49
122 28
118 25
12 140
17 128
10 41
90 127
21 150
148 10
137 117
129 39
43 133
72 92
31 66
48 144
130 50
129 135
34 117
142 65
113 23
123 142
131 48
112 14
76 17
65 49
17 107
115 38
37 17
136 127
147 132
86 132
122 127
43 55
108 33
88 60
123 41
102 96
52 72
23 104
122 95
103 29
67 82
137 123
69 14
21 140
125 67
38 132
36 52
63 11
56 17
123 29
59 117
15 53
89 18
150 143
56 128
45 143
82 81
130 80
29 85
102 66
109 59
81 115
10 46
83 127
49 17
76 10
98 81
30 31
19 41
131 54
54 99
149 87
52 39
50 58
32 71
78 38
109 129
13 119
10 148
148 118
63 142
140 105
73 73
19 64
44 113
65 31
103 59
28 15
39 103
123 108
61 61
98 96
51 130
119 144
126 85
133 85
55 122
66 80
45 80
146 41
60 27
33 125
104 130
43 104
66 85
102 109
83 123
71 29
12 85
120 120
79 73
84 141
23 127
95 37
80 102
39 146
54 16
42 81
147 28
48 56
47 81
92 42
130 98
34 118
44 46
115 65
37 58
66 16
114 138
46 83
69 127
27 106
150 127
141 123
35 144
71 100
21 25
102 109
134 40
103 90
95 120
95 85
32 69
44 128
91 92
143 138
126 107
12 57
95 57
110 49
20 97
17 115
65 105
72 140
130 73
104 104
59 63
62 135
108 147
62 49
18 49
79 44
121 107
37 101
37 57
57 110
61 60
67 59
88 55
49 129
48 145
102 126
44 63
89 101
109 25
18 135
59 103
45 52
32 147
19 81
51 128
113 12
14 61
41 38
77 140
88 93
77 138
59 118
135 92
126 137
93 149
77 91
31 130
148 137
145 86
100 123
25 113
114 142
47 97
131 23
124 13
115 61
149 14
51 55
103 34
145 102
34 70
84 135
73 98
134 133
106 101
19 79
134 97
62 55
121 107
126 146
141 47
55 130
59 127
100 57
67 27
57 115
141 85
102 29
26 69
130 59
57 36
87 12
88 95
92 42
55 99
14 126
85 48
98 38
57 17
68 62
66 44
13 63
112 98
116 39
53 32
33 100
112 81
110 73
99 134
26 135
135 33
150 16
149 39
134 88
109 40
52 105
110 49
102 69
110 32
100 94
42 13
86 43
22 108
33 106
79 112
87 16
62 97
48 99
109 69
82 88
131 71
45 52
71 12
41 32
22 57
67 114
145 132
80 87
54 95
42 68
68 105
68 142
119 147
109 96
114 62
142 61
54 141
66 89
102 73
44 128
144 30
21 110
18 149
92 55
37 40
58 125
114 140
10 76
24 21
86 67
97 47
117 142
21 31
85 65
85 26
39 114
102 68
61 13
81 121
128 32
40 85
81 92
60 32
93 139
49 36
58 85
149 139
132 50
21 71
66 73
121 78
105 23
80 117
60 132
96 133
39 58
13 144
74 58
75 42
49 70
122 69
59 140
41 101
142 95
116 90
85 133
135 54
103 15
60 31
92 40
149 74
91 63
101 107
75 10
101 83
149 104
81 84
96 140
124 13
98 119
68 65
148 44
146 46
34 114
77 102
145 32
78 56
29 134
150 134
102 138
23 78
150 96
11 100
115 143
36 111
21 39
63 54
31 106
120 104
104 75
129 106
33 102
50 107
141 141
135 120
142 140
15 83
101 68
49 140
138 129
71 85
63 131
67 13
20 48
26 98
21 73
86 63
107 27
105 11
71 17
66 14
92 101
55 126
150 108
149 10
11 54
105 48
28 84
45 85
92 20
97 105
144 128
115 87
97 21
84 62
41 97
37 145
46 77
78 59
141 114
26 93
123 146
146 118
139 33
122 83
124 81
33 116
139 126
119 126
34 26
78 73
30 127
117 103
134 52
38 20
16 91
137 77
90 12
65 113
52 87
91 27
65 104
33 64
94 75
85 91
57 109
42 43
130 54
45 148
36 53
93 31
84 105
109 105
147 84
122 26
46 16
122 110
23 129
70 136
150 28
104 88
142 88
30 106
144 88
140 48
46 131
70 47
12 135
143 28
20 70
44 114
68 32
72 100
81 100
120 50
111 119
113 128
116 81
66 106
147 43
148 81
123 57
44 65
51 86
77 72
44 107
33 106
135 103
77 136
83 124
97 34
53 77
84 62
22 138
28 45
113 61
12 120
52 111
108 21
130 32
118 143
54 64
39 72
117 135
11 69
82 33
133 17
102 96
53 38
57 97
46 93
70 49
31 36
119 56
119 22
49 18
121 68
46 12
145 44
71 110
70 23
141 110
30 53
39 143
124 61
98 27
22 25
53 67
34 97
33 26
26 15
41 79
74 59
89 31
76 45
88 93
14 117
137 66
129 125
84 125
96 92
19 81
92 121
140 31
135 85
138 54
24 120
87 53
76 82
126 109
108 108
24 74
39 135
74 119
74 52
136 147
84 44
21 63
79 136
46 104
100 41
63 103
140 61
147 78
75 33
79 57
95 134
46 31
135 87
99 103
98 86
87 149
36 78
97 123
87 78
109 73
61 99
122 81
149 70
92 120
22 81
19 122
57 96
59 86
21 136
40 51
146 129
40 82
24 72
84 88
57 136
83 56
79 122
135 80
88 97
53 12
70 69
19 108
78 70
69 136
137 124
99 122
146 84
98 36
141 142
76 58
25 134
62 70
115 119
69 34
142 31
16 113
11 22
61 63
23 143
36 13
11 52
147 52
60 17
19 134
55 128
98 102
84 119
134 17
56 92
76 77
140 98
11 137
43 100
21 106
42 15
30 41
72 29
42 18
17 150
36 13
76 88
63 51
120 29
130 141
59 134
98 106
56 120
61 90
66 85
36 78
50 117
21 51
28 142
86 59
57 52
31 36
123 50
140 53
51 96
73 147
127 13
65 72
114 116
47 14
116 83
71 48
23 27
78 73
63 115
27 126
59 48
146 94
141 140
39 51
49 78
84 71
33 98
16 56
11 12
19 14
46 75
41 79
58 89
150 36
59 121
137 103
131 67
121 28
39 67
107 12
58 136
80 40
138 112
87 46
33 31
81 57
17 38
60 122
37 138
100 75
125 121
113 131
84 70
91 59
128 105
13 86
39 44
91 149
30 10
96 78
65 55
98 28
34 129
114 39
113 61
34 24
61 42
117 95
57 98
89 10
58 148
75 99
57 58
48 28
25 66
145 74
124 62
131 93
104 33
54 122
26 16
136 58
20 85
38 100
108 18
117 84
111 57
80 98
28 97
62 134
147 114
114 143
121 143
34 144
58 11
102 148
147 130
91 92
59 39
131 38
130 19
50 125
148 88
43 95
59 148
89 63
75 35
137 35
83 108
43 122
65 142
141 39
53 71
137 27
113 98
74 134
32 65
59 57
49 51
121 132
50 145
47 150
129 10
108 37
21 99
85 91
74 50
125 108
133 26
144 123
121 90
119 69
42 108
82 24
60 83
149 128
43 125
116 69
42 107
72 51
60 130
46 112
145 30
79 110
62 69
21 45
46 90
129 134
132 98
73 44
115 42
20 79
79 145
11 105
35 49
120 50
125 109
13 35
138 97
61 149
20 29
150 35
58 56
105 50
104 142
34 124
121 57
129 81
98 126
115 68
51 41
42 149
112 51
43 25
128 47
18 60
14 104
68 84
115 43
46 64
91 79
131 44
125 140
103 136
57 66
52 122
63 117
127 68
41 61
83 114
92 143
132 128
42 72
113 129
64 38
27 89
141 60
120 20
141 112
75 25
128 147
67 143
115 47
60 135
61 134
48 37
55 30
13 127
95 44
135 42
142 23
21 44
65 29
148 111
73 43
147 139
100 77
12 129
90 123
37 129
26 95
102 74
117 115
57 46
129 149
72 83
90 89
