50
3 50.00 10000.00
759.68 765.74 770.17
443.00 457.82 457.04
2 5.99 29999.99
59.99 58.99
22.67 20.73
15 25.00 100000.00
120.00 121.00 126.00 121.00 117.00 114.00 122.00 121.00 120.00 123.45 122.67 122.89 122.91 122.45 121.18
292.13 333.33 332.00 331.01 334.00 200.00 199.94 201.23 202.66 201.12 202.33 242.11 231.00 221.21 210.00
2 10.00 768.34
8.85 9.77
9.02 9.95
2 10.00 768.34
8.85 9.77
9.02 9.96
2 10.00 768.34
8.85 9.08
9.02 9.03
2 10.00 768.34
8.85 9.09
9.02 9.03
5 17.96 8213464.00
223.89 222.15 224.49 223.99 222.33
333.22 334.03 335.01 332.87 334.51
2 77.92 2325436.00
127.19 129.53
121.25 123.41
4 55.93 4344404.00
296.12 294.56 292.98 293.39
295.11 294.09 296.27 297.02
10 0.78 104920.00
82.11 80.19 78.30 77.67 78.21 80.30 78.75 79.83 80.02 79.94
122.88 122.28 120.60 118.63 116.35 118.73 120.55 120.22 119.64 121.21
13 38.39 3750200.00
353.30 354.57 354.90 353.56 352.97 351.65 349.68 349.08 349.26 351.67 351.78 352.80 355.26
181.78 183.74 182.56 185.04 185.26 185.40 187.20 187.13 185.85 184.43 185.33 186.97 187.81
11 22.03 1050113.00
379.94 377.52 377.37 377.05 378.66 380.47 380.86 378.96 376.61 376.03 376.34
218.48 216.07 217.71 219.36 221.26 219.87 221.07 220.84 220.85 222.69 221.63
15 36.68 8760326.00
139.00 140.70 138.81 140.36 142.66 144.03 144.61 143.44 141.10 138.64 136.43 134.67 137.14 137.61 137.65
211.70 209.87 211.15 211.97 213.24 215.15 216.82 217.15 215.51 217.60 217.65 220.09 221.14 219.24 218.45
10 38.89 2811754.00
145.00 143.53 145.98 148.12 146.18 145.39 146.82 144.82 147.27 146.72
69.54 70.28 72.33 74.28 74.09 74.36 75.43 73.29 72.10 70.19
12 9.56 2463515.00
158.00 155.96 154.15 154.60 156.85 154.80 155.37 153.78 153.10 151.72 151.96 152.67
249.24 247.32 248.45 248.16 247.33 246.34 245.64 244.61 245.15 245.32 243.32 243.50
5 77.92 4231456.00
146.90 147.86 147.74 145.75 146.79
213.74 212.44 211.94 214.34 212.89
4 45.82 8523125.00
86.99 89.06 89.71 89.96
321.68 319.87 318.11 315.94
11 94.77 389472.00
366.88 368.35 366.26 364.76 362.81 361.43 360.33 359.34 360.16 360.30 361.85
343.60 342.46 340.73 338.89 338.92 339.45 337.30 338.30 336.77 337.73 339.57
12 5.39 6617641.00
320.44 318.31 319.04 321.23 323.03 322.37 321.54 322.86 323.08 324.27 326.28 324.05
83.82 85.75 84.92 83.45 85.15 85.36 87.82 88.80 88.58 90.19 88.56 89.05
11 60.17 2376714.00
175.74 176.90 177.64 177.86 176.66 177.81 178.69 180.14 181.38 179.87 180.02
258.96 259.23 261.12 261.21 261.87 263.85 265.05 265.36 267.33 269.18 269.50
8 72.63 1275062.00
319.24 320.26 320.38 318.46 320.35 320.56 318.85 318.61
73.24 74.77 74.74 76.95 77.42 78.16 77.55 78.84
4 3.11 2351885.00
35.37 36.15 35.72 34.53
212.27 212.20 212.23 212.79
8 97.34 5169237.00
272.72 274.53 274.64 273.91 274.42 272.15 269.67 268.27
210.52 212.18 214.32 213.12 212.77 212.51 211.07 211.64
4 61.56 752833.00
46.11 46.17 44.56 44.64
169.57 171.01 171.70 170.75
10 37.33 8878658.00
306.32 304.18 302.23 299.95 297.59 297.94 297.01 299.15 298.09 298.51
109.00 111.25 111.77 111.08 109.40 111.35 112.08 111.33 113.03 111.42
2 66.40 25971.00
30.99 29.78
197.93 196.30
12 96.95 8210538.00
278.01 275.51 275.06 273.58 271.56 273.17 274.07 274.14 272.31 271.68 269.87 269.80
306.27 308.37 310.20 312.31 314.32 312.03 312.37 311.71 311.75 312.44 312.88 312.21
4 97.49 6116885.00
138.35 140.71 142.91 142.23
293.41 294.39 293.85 295.30
15 17.20 5402486.00
188.74 191.04 190.15 192.46 194.89 194.36 196.68 195.10 194.54 196.42 195.61 195.77 196.12 198.01 199.64
91.29 89.07 88.00 86.58 87.60 89.41 90.94 91.18 89.14 86.70 88.68 86.57 85.77 86.39 87.20
7 51.92 4530909.00
225.10 227.52 227.72 225.63 226.65 227.95 227.89
211.20 212.81 214.69 213.97 212.85 210.45 207.95
13 8.21 1579633.00
105.27 105.44 103.75 104.74 102.43 103.08 103.02 104.45 103.85 104.17 104.34 102.75 103.77
97.80 96.47 98.90 100.24 98.99 97.16 97.81 95.77 98.15 97.09 97.52 96.18 94.26
4 25.78 3840628.00
160.18 158.25 157.92 156.23
20.56 22.55 22.02 20.46
12 45.71 158840.00
100.61 101.18 99.72 99.15 97.28 99.08 100.08 100.32 100.91 100.77 98.80 96.87
100.11 101.15 101.59 101.00 99.47 99.50 99.89 97.47 95.01 97.20 96.81 97.49
6 48.29 4699826.00
100.47 102.55 103.34 105.57 106.85 106.50
293.90 292.79 294.55 292.46 292.43 290.72
6 40.91 336785.00
76.46 74.20 73.73 74.79 73.03 72.07
399.87 399.74 398.31 398.95 396.45 395.51
8 73.76 1547498.00
308.91 309.93 308.47 309.49 309.05 309.30 310.15 311.31
234.79 235.62 236.43 237.54 235.34 237.17 235.27 234.67
3 89.58 870127.00
264.11 266.18 266.59
386.05 387.86 390.20
15 70.13 3730173.00
366.08 366.70 364.60 362.35 363.23 362.56 361.56 362.17 360.19 361.37 360.65 360.80 363.03 362.73 361.01
196.63 194.48 196.05 197.96 198.04 197.45 196.92 197.12 195.76 195.39 194.31 195.86 196.53 195.86 193.91
14 41.90 8663695.00
264.10 264.50 264.22 261.89 259.74 261.34 260.15 260.93 262.88 263.97 264.30 264.46 264.22 265.69
203.32 203.88 204.04 203.42 201.06 203.01 202.90 202.80 203.15 203.94 202.54 204.93 204.00 205.24
12 10.59 4068044.00
61.03 59.60 60.11 58.64 56.96 54.70 53.73 52.80 50.46 50.34 50.28 51.35
254.92 256.80 256.24 258.21 258.63 257.51 259.49 257.63 255.38 253.97 251.86 254.35
7 94.40 1179542.00
339.67 342.09 343.99 342.23 344.39 345.89 346.38
375.94 376.18 378.03 378.08 377.35 379.61 379.29
10 13.86 7698544.00
388.60 388.74 388.31 386.18 385.84 384.65 382.86 385.10 385.44 386.36
247.78 245.44 244.20 245.02 247.04 248.09 247.94 245.47 245.34 245.80
6 27.49 4485512.00
350.09 347.72 350.01 351.50 353.81 352.93
369.58 368.67 367.23 369.42 371.88 370.64
11 24.22 3273608.00
181.89 182.72 181.20 179.63 178.22 177.45 175.58 174.41 175.25 173.83 176.06
261.17 260.33 261.70 259.65 260.81 261.34 259.70 259.95 258.61 256.71 258.48
14 11.54 2963855.00
122.72 122.47 123.63 124.02 121.96 121.96 123.75 123.28 125.76 125.76 124.18 125.96 124.03 122.37
347.40 347.38 348.52 348.53 346.95 345.32 343.52 342.48 342.95 342.62 340.50 342.75 342.79 340.75
10 53.48 5283330.00
203.93 205.89 205.97 207.46 206.34 205.85 207.00 205.98 208.45 208.34
131.90 132.95 134.48 135.27 136.53 137.64 138.49 140.00 137.66 137.11
14 52.54 7494456.00
6.00 6.01 4.28 3.13 3.48 3.29 2.14 2.15 1.50 0.22 1.76 1.31 2.82 0.43
9.88 8.56 8.29 9.09 8.00 7.38 4.92 4.28 2.98 2.55 2.16 1.09 2.32 0.84
15 13.98 3011842.00
66.61 67.47 69.81 69.86 71.92 71.31 70.42 72.85 71.31 73.00 73.43 72.99 74.11 74.35 74.71
357.22 358.90 360.75 361.71 359.85 359.40 360.62 360.57 362.57 363.85 364.50 363.71 361.31 363.56 364.20
14 33.18 176135.00
71.96 73.80 75.14 77.50 78.07 78.43 80.22 81.13 80.85 83.02 82.36 81.07 82.94 81.09
66.02 67.43 65.32 64.48 63.29 65.31 66.17 65.99 63.49 62.06 62.29 62.34 62.13 61.11

