100
-2817 -3634 2 -4746 38
-2030 1175 -4416 -2050 86
2610 4048 2370 -2044 87
-450 2899 -373 -2044 33
-1965 2031 2717 -3002 86
339 2557 -4906 -2512 35
-4424 -4074 3871 1827 71
173 2719 -4252 4573 44
-2405 -81 1534 504 66
-26 -654 2328 -1620 24
2902 -425 972 2808 26
2680 -2915 -565 1978 62
514 780 136 3794 26
2739 2459 -3183 3261 15
1015 2966 -2894 1984 72
2036 -3614 4198 -701 50
1386 -1504 1487 2723 8
-194 -4166 1371 -501 45
-4615 186 842 3199 98
4278 -4084 1796 -2600 13
3818 -296 -4725 -658 18
-4281 -1856 896 -3444 69
-1736 -3895 3559 -3374 27
2437 -2494 869 995 5
1086 3105 111 631 80
3649 -2422 538 -1493 97
-3859 3933 2404 -2828 28
4586 4333 4626 -1752 65
-740 1353 -1739 -4409 29
-3334 1284 -563 -133 16
-1053 2138 -1058 51 56
-3412 -4329 -346 2425 73
-1892 -3826 -3453 -2113 53
-1151 902 4687 -288 55
-3062 708 -3909 2366 24
3746 795 -2031 1163 65
1279 1437 779 3880 25
-1830 -2210 3138 3956 47
1264 -4772 391 -2020 79
-1318 -4994 -80 -669 47
-2659 -4223 -2308 -4933 21
4324 -1781 -4420 4330 61
4715 3200 -2045 4585 47
-1815 1889 -826 -1997 72
1886 2636 -4639 -4742 34
2416 -1522 -242 362 99
3866 -940 -3754 -3514 78
-2415 3542 2245 2230 45
-4160 -3950 2103 4860 45
968 -1563 -3092 2848 20
-2618 -4704 -2478 -1317 7
-2625 -1961 1421 -3842 5
-2931 -3553 3191 1504 34
2928 304 -1962 3030 57
821 969 2796 -3806 58
-563 189 -4719 1202 47
-1534 -654 -4573 -1768 93
-956 541 -3782 -3553 65
3335 3938 1130 -2376 78
-4776 3078 -4258 2892 71
-1450 3330 -3720 99 61
-3170 -4362 -4764 1236 78
892 4928 -2063 1889 29
-4365 -1278 939 999 4
-4161 -188 -353 -3898 58
-3366 -2348 -4441 4946 84
383 1183 -1427 -4252 85
-4367 -127 1316 -2571 97
2662 -4173 -783 4491 73
-886 2991 3769 -1849 83
-834 -2631 -4237 -2144 88
3667 164 2029 147 37
-3101 3124 4527 -4676 46
-3775 3200 4673 -1239 2
-2913 4912 1393 2391 25
-4952 3110 590 -262 20
-1832 -1483 -152 -1015 99
-4632 -4587 -4443 3726 16
2734 3299 -3732 4646 85
-3694 -3930 4959 -1308 82
-701 -1576 3712 4556 97
-248 -4727 -2564 -3765 19
3827 -1079 3771 -3905 47
2553 475 -1338 -3903 20
-4551 -969 457 -3633 24
4731 753 339 -3488 60
-2187 -1653 -1630 3986 58
-2260 -4001 -1051 908 30
4368 4796 -3453 4408 70
2275 1754 -774 4896 44
4521 -874 -4291 1759 71
4214 -2392 -530 -625 74
-719 -4592 1006 -2016 91
-1168 3746 4456 626 48
-544 4359 726 1515 95
4793 -1636 -3824 -2262 100
-1226 3413 2964 3098 84
-2573 2395 2638 -1698 15
-1612 -922 246 3179 55
-58 1701 -4202 1411 6
