100
0 0 1 1 1
20 0 0 1 1
40 0 0 1 1
60 0 0 1 1
80 0 0 1 1
100 0 0 1 1
120 0 0 1 1
140 0 0 1 1
160 0 0 1 1
180 0 0 1 1
200 0 0 1 1
220 0 0 1 1
240 0 0 1 1
260 0 0 1 1
280 0 0 1 1
300 0 0 1 1
320 0 0 1 1
340 0 0 1 1
360 0 0 1 1
380 0 0 1 1
400 0 0 1 1
420 0 0 1 1
440 0 0 1 1
460 0 0 1 1
480 0 0 1 1
500 0 0 1 1
520 0 0 1 1
540 0 0 1 1
560 0 0 1 1
580 0 0 1 1
600 0 0 1 1
620 0 0 1 1
640 0 0 1 1
660 0 0 1 1
680 0 0 1 1
700 0 0 1 1
720 0 0 1 1
740 0 0 1 1
760 0 0 1 1
780 0 0 1 1
800 0 0 1 1
820 0 0 1 1
840 0 0 1 1
860 0 0 1 1
880 0 0 1 1
900 0 0 1 1
920 0 0 1 1
940 0 0 1 1
960 0 0 1 1
980 0 0 1 1
1000 0 0 1 1
1020 0 0 1 1
1040 0 0 1 1
1060 0 0 1 1
1080 0 0 1 1
1100 0 0 1 1
1120 0 0 1 1
1140 0 0 1 1
1160 0 0 1 1
1180 0 0 1 1
1200 0 0 1 1
1220 0 0 1 1
1240 0 0 1 1
1260 0 0 1 1
1280 0 0 1 1
1300 0 0 1 1
1320 0 0 1 1
1340 0 0 1 1
1360 0 0 1 1
1380 0 0 1 1
1400 0 0 1 1
1420 0 0 1 1
1440 0 0 1 1
1460 0 0 1 1
1480 0 0 1 1
1500 0 0 1 1
1520 0 0 1 1
1540 0 0 1 1
1560 0 0 1 1
1580 0 0 1 1
1600 0 0 1 1
1620 0 0 1 1
1640 0 0 1 1
1660 0 0 1 1
1680 0 0 1 1
1700 0 0 1 1
1720 0 0 1 1
1740 0 0 1 1
1760 0 0 1 1
1780 0 0 1 1
1800 0 0 1 1
1820 0 0 1 1
1840 0 0 1 1
1860 0 0 1 1
1880 0 0 1 1
1900 0 0 1 1
1920 0 0 1 1
1940 0 0 1 1
1960 0 0 1 1
1980 0 0 1 1
