100
5 4 3 2 1 0
9 8660 45 8878 7301 2077 7013 4376 8264 9553
9 7897 8633 2469 1991 9598 4712 340 6178 4216
9 8899 4196 457 6647 2509 4130 174 4566 5334
9 5787 6143 4545 2389 3803 1068 7332 4033 6355
9 9078 8849 5055 7222 3043 5421 7030 5792 2238
9 1576 5182 8020 8172 6568 6343 6512 313 6753
9 3174 2959 7585 1267 8714 7963 9963 9727 5885
9 6428 1135 5351 646 450 2999 4465 5211 3355
9 5732 1880 4723 3617 7304 2064 2730 627 3168
5 1244 3113 1858 2932 7296
5 418 9257 5600 6717 1456
5 3054 906 9279 9527 2168
5 7288 121 2622 1003 2184
5 2734 4068 22 7061 1625
5 4560 6808 5080 2218 3766
5 143 7034 3150 9669 879
5 8967 6313 6957 6011 9631
5 7459 3694 5059 247 1036
5 2971 4986 7100 5741 5006
5 9762 7975 1997 5749 3430
5 8924 9580 1866 7060 6029
5 6288 4080 22 9035 8649
5 2889 8924 8508 4515 2148
5 1799 8536 7112 212 4164
5 4413 47 5868 3187 1347
5 1077 5367 4898 8074 9430
5 6340 9739 5551 9176 4334
5 7992 9054 4293 2793 5454
5 8433 4195 9704 7661 7462
5 2465 6364 8802 8494 8656
5 8727 8918 2482 8091 3183
5 9639 3584 9749 2878 1201
5 5076 6814 6293 8377 7522
5 7313 7761 5798 1279 3485
5 5510 6252 5663 8654 3528
5 4854 8472 7639 2136 9823
5 8374 1871 1995 4462 2152
5 7381 1719 9932 7352 913
5 6438 7906 4600 6184 5565
5 9971 1704 235 3638 5732
5 1988 9021 330 3076 8425
5 3327 1755 2508 7816 2506
5 9868 4900 3011 1992 6356
5 3246 37 4048 8487 4724
5 8351 6412 7461 1001 6860
5 3929 4511 1502 7317 4314
5 9763 9332 1729 9400 889
5 4201 8772 1626 4821 7905
5 57 7325 9245 4034 6698
5 2609 7157 3356 6924 800
5 8470 2803 6615 8380 7005
5 8523 7971 4979 7615 382
5 6639 2801 7002 8412 1898
5 4563 5927 1328 9348 8355
5 3228 6795 1215 309 6270
5 9904 8319 3549 4899 1659
5 4432 2458 6037 6799 5799
5 8419 2611 1738 6913 3389
5 1058 231 6503 3206 8384
5 3839 9331 7905 3689 4237
5 5884 9598 6930 9725 4285
5 485 1411 7632 1029 8543
5 8386 6447 4759 7826 4010
5 4185 6225 2647 3131 1900
5 345 5833 5130 6524 4323
5 4155 4473 946 1248 1766
5 8258 5427 1553 9375 5532
5 8507 8681 8994 9728 8999
5 4656 6941 3062 9373 1812
5 3626 2856 2712 5049 8314
5 5960 5715 4145 6907 9421
5 1105 7735 7478 2009 1751
5 6149 7783 9782 9015 5814
5 2442 6254 5018 9318 2142
5 9530 3721 4405 6953 2
5 3223 8138 184 5508 2878
5 9252 2641 4031 5445 2668
5 55 7439 6699 3350 8953
5 467 980 5063 9896 3929
5 2317 9584 4802 5404 3772
5 9752 1008 3700 6105 5928
5 6600 8332 8179 1487 3632
5 7856 368 2086 6880 5333
5 5013 2974 290 8594 2046
5 2661 6857 8492 1595 6984
5 8443 2528 2760 9490 1181
5 3162 6711 4707 1033 3330
5 667 4940 9022 1814 132
5 4454 4581 402 7426 6002
5 827 8411 4391 4891 7136
5 3148 2446 7992 4714 9880
5 7906 4541 2454 9790 1821
5 4801 4797 1739 7422 5019
5 4527 377 2053 2133 9007
5 2644 8558 3635 9547 6397
5 8519 3629 8790 6888 9872
5 6167 5715 2880 7406 194
5 1840 4027 8876 5739 2077
5 8776 8879 8849 5048 6980

The very first case ensures they checked if the value was 0 before taking the mod or dividing.
The next 9 cases use large values to ensure the students didn't try to take any shortcuts. Only the first
of these 9 cases is a happy set.
The last 90 cases are randomly generated and go either way (either happy or sad)