5000 1000
130 48
27 123
128 135
147 100
27 72
121 39
69 19
72 10
48 28
18 69
32 107
24 64
149 114
131 88
37 101
97 24
99 65
52 102
24 14
49 150
115 43
140 59
61 103
148 26
91 86
124 41
128 21
149 31
53 60
59 128
61 66
46 106
69 81
136 15
139 43
117 147
54 94
17 149
99 129
11 106
122 21
104 41
66 124
95 72
98 130
112 119
90 111
66 50
10 61
141 60
63 24
15 134
42 118
78 128
142 26
55 113
74 78
147 15
112 139
44 108
126 20
47 147
82 84
72 97
10 62
125 136
22 128
132 115
99 81
16 39
148 92
105 73
47 146
25 73
77 75
40 90
66 17
63 10
118 134
14 148
117 12
34 74
67 71
145 44
96 116
85 68
84 141
108 88
46 77
133 124
93 131
128 55
60 96
118 106
81 123
83 54
70 104
32 103
111 79
78 118
80 74
141 68
148 88
62 13
149 18
97 43
71 114
120 14
27 66
134 25
85 138
39 107
66 62
50 15
132 18
92 92
134 95
35 55
22 126
73 39
150 80
101 46
22 43
94 88
77 140
74 39
129 80
146 47
117 28
88 42
54 79
27 77
15 32
108 117
61 149
142 99
142 65
101 135
47 73
15 70
78 55
61 140
62 85
19 14
117 121
109 88
19 105
139 109
94 116
78 64
21 127
94 51
11 72
72 102
19 73
129 97
27 84
94 79
50 13
92 102
43 41
12 135
107 135
42 115
145 15
50 88
97 27
24 13
109 33
91 84
63 124
100 119
120 86
54 139
65 119
10 78
144 141
109 26
97 75
21 96
20 77
85 65
27 30
52 131
137 77
27 58
14 40
27 92
46 149
139 80
32 96
133 71
33 118
14 100
65 31
144 123
79 95
100 114
100 76
101 115
17 70
109 139
61 137
117 111
74 87
129 88
106 149
106 126
11 91
35 93
42 102
34 89
85 87
19 41
102 73
64 101
40 119
121 13
54 56
81 121
71 26
148 22
68 49
24 23
75 126
24 129
67 65
43 87
68 32
11 118
28 24
145 97
40 83
63 58
136 125
46 87
10 99
36 16
127 150
69 68
135 29
77 137
43 80
106 138
85 127
144 62
18 69
94 71
121 113
35 121
65 66
78 18
105 32
32 121
67 119
99 120
116 53
147 102
72 26
73 68
98 31
28 94
35 53
71 110
44 112
54 11
82 24
68 23
147 150
61 84
41 37
66 14
101 106
130 148
124 99
12 126
39 73
35 112
125 66
107 41
138 139
123 112
72 120
18 23
92 99
130 122
58 111
90 21
42 78
56 101
134 87
143 114
144 93
134 35
87 67
89 130
106 95
26 88
73 124
16 36
37 99
63 94
141 121
139 49
53 110
83 63
127 148
48 16
96 127
115 112
14 125
63 30
108 113
75 143
115 125
35 62
112 126
144 53
94 27
34 43
119 94
97 110
32 85
102 104
97 20
139 145
110 149
94 14
101 112
38 103
91 81
24 37
29 87
67 82
35 118
18 71
86 99
110 51
20 103
128 134
147 30
93 123
136 14
59 150
24 73
138 61
85 64
57 76
72 122
46 26
123 31
80 99
129 15
128 45
92 104
142 60
110 81
116 73
73 128
119 25
117 67
52 18
53 21
67 15
114 67
126 111
143 77
116 22
15 98
131 30
95 131
45 31
134 45
78 35
23 111
34 93
92 49
110 28
17 66
38 116
13 31
129 107
29 141
126 136
114 77
93 147
106 112
138 55
113 62
76 77
14 22
134 115
13 49
50 18
107 25
137 124
82 144
77 145
111 69
142 54
104 73
30 126
15 113
131 109
52 59
113 139
93 139
146 28
85 66
143 132
90 120
17 30
91 34
45 20
31 29
144 132
24 103
38 93
22 80
68 49
129 16
117 148
63 127
76 51
24 140
32 133
32 65
24 49
93 18
127 142
20 78
114 141
119 117
22 127
102 55
124 139
141 48
116 104
79 37
92 92
98 103
98 121
49 11
99 33
103 30
109 139
137 132
74 82
67 53
102 99
16 140
74 55
132 113
19 132
93 141
84 71
126 85
41 38
96 96
51 146
62 116
42 63
44 29
128 51
68 38
101 89
17 29
148 138
121 103
116 58
36 45
93 65
103 144
56 30
33 40
108 34
85 42
104 95
46 76
126 10
57 26
147 37
49 148
61 119
141 103
55 11
94 85
42 22
28 64
94 88
131 11
63 66
74 111
117 58
141 82
128 130
81 19
107 83
54 46
84 130
19 31
46 126
114 49
111 44
27 137
147 118
60 12
52 113
138 96
78 55
70 95
46 144
148 78
108 110
53 43
108 72
10 42
148 132
30 35
57 100
25 18
140 118
27 146
118 13
111 110
37 147
56 57
32 92
19 33
127 12
116 147
95 23
88 130
54 61
130 90
15 127
36 28
111 124
35 109
11 58
150 30
109 147
134 130
22 117
64 11
108 76
133 102
24 135
78 82
36 70
112 90
27 145
145 57
49 20
133 49
75 47
106 72
143 146
80 33
80 85
66 142
85 127
69 132
118 28
82 121
108 48
145 115
107 55
15 72
19 103
63 58
24 71
67 70
54 101
96 99
87 94
124 71
15 80
143 89
72 116
24 72
129 85
40 134
54 81
83 63
26 125
32 108
33 55
60 52
15 81
108 82
139 43
142 13
129 92
37 88
131 20
128 51
81 144
79 92
131 68
88 124
68 60
41 51
14 26
101 69
11 21
131 65
87 28
71 149
116 148
11 51
65 60
115 92
101 58
115 56
48 147
59 72
119 27
73 86
116 37
39 99
16 107
110 127
13 145
117 38
132 72
20 145
42 134
84 143
98 48
136 70
33 20
36 84
122 57
96 57
70 64
60 16
61 77
31 131
90 71
51 106
72 93
147 150
128 65
133 71
133 100
133 87
48 54
96 15
93 142
14 21
150 149
129 145
51 58
125 17
104 82
10 37
67 130
89 21
45 148
14 93
79 86
98 124
74 127
48 51
44 53
77 44
106 89
68 59
57 91
75 73
82 75
97 30
117 21
14 63
146 39
13 128
32 130
119 133
86 25
131 144
25 86
74 102
122 32
141 17
71 104
113 85
113 135
54 142
75 91
145 142
128 143
109 26
137 108
110 111
14 27
134 143
138 68
122 63
61 56
121 33
27 24
28 28
125 121
137 69
75 96
102 51
90 109
40 22
115 149
22 58
100 24
56 119
40 11
117 114
10 110
28 80
114 112
45 39
77 144
50 128
119 142
20 83
69 36
88 48
82 86
147 146
148 135
56 39
54 12
52 149
88 25
140 41
118 76
39 117
115 19
40 42
78 21
71 24
15 30
141 118
136 42
45 26
132 75
102 40
41 73
48 89
113 51
121 69
84 119
115 90
39 89
93 130
40 63
150 131
120 138
119 137
21 133
36 141
146 46
127 64
120 19
136 108
119 66
106 11
97 41
132 12
101 131
43 107
55 97
93 85
13 142
133 111
125 29
125 118
51 138
79 126
53 17
69 118
106 35
150 76
35 114
131 84
146 88
116 11
28 21
51 89
19 103
22 141
70 141
84 104
61 105
71 66
46 49
81 94
12 18
87 45
65 142
76 18
16 23
20 14
148 70
98 80
150 95
56 13
78 125
60 139
10 70
146 140
121 144
29 120
61 45
97 33
76 100
52 39
103 11
123 84
29 116
10 89
140 143
93 12
125 95
147 14
55 26
92 126
56 37
96 35
74 133
92 68
108 74
43 65
66 85
101 113
46 130
34 86
107 28
72 19
27 58
60 133
64 40
97 106
42 139
147 109
12 39
79 137
64 36
94 98
45 78
139 48
100 145
139 117
116 20
109 143
55 64
72 94
40 19
68 28
137 38
57 50
58 66
39 83
46 59
14 99
132 127
57 68
17 98
86 116
47 12
149 23
63 69
61 45
110 78
77 100
30 121
23 81
85 54
146 135
128 38
39 16
79 119
32 44
64 126
34 47
25 101
114 11
52 42
135 53
112 47
111 118
127 54
96 13
133 84
10 75
111 109
124 64
113 36
110 111
108 29
10 33
85 67
77 127
75 130
87 70
108 76
105 96
119 87
66 57
58 51
67 136
85 124
134 147
23 10
47 43
69 75
88 35
110 49
53 132
51 135
68 22
115 45
60 65
71 91
88 25
77 37
39 94
23 116
146 11
97 70
145 71
120 19
25 93
126 70
102 11
140 50
64 97
74 73
41 142
108 46
58 60
132 125
75 119
93 65
114 42
22 102
20 50
144 48
141 138
50 51
79 54
79 38
71 91
111 118
27 29
144 120
36 50
110 31
60 20
84 51
65 149
33 68
114 80
28 56
113 137
52 31
126 38
10 81
119 133
46 82
105 80
72 52
84 14
50 115
85 44
139 107
136 114
84 47
108 119
106 145
122 127
77 88
140 124
77 40
16 91
104 13
126 122
113 35
107 108
107 65
146 75
23 128
143 61
125 128
97 72
53 28
88 122
121 53
103 124
140 66
24 114
108 83
16 35
27 145
44 127
35 114
146 28
44 20
64 122
115 10
126 119
17 57
28 75
101 34
140 136
46 48
72 118
15 130
102 21
100 14
124 21
150 136
54 143
76 11
143 70
79 104
73 117
105 138
114 103
87 23
78 150
95 127
40 85
73 86
55 36
100 89
116 134
149 29
128 95
109 81
69 148
51 80
28 111
148 148
31 123
119 108
80 110
73 46
120 67
125 70
149 22
21 56
88 72
127 149
107 99
14 48
53 90
32 14
85 34
101 67
38 149
41 77
26 120
13 11
43 148
131 33
77 70
17 51
65 99
128 69
27 18
44 86
80 48
135 136
149 11
84 18
52 25
133 20
53 137
108 31
62 62
89 95
52 18
99 127
93 131
13 136
22 131
76 70
124 46
112 140
89 136
148 36
53 70
22 126
119 148
145 117
10 98
82 126
118 99
80 110
33 29
59 82
141 31
32 89
91 136
23 80
98 74
15 57
58 60
144 43
21 124
111 80
69 105
66 89
32 149
122 34
146 79
18 124
27 73
36 29
119 33
48 46
123 122
111 80
54 126
121 148
35 148
93 137
49 69
77 68
105 131
108 69
61 54
112 59
53 124
42 120
43 78
53 121
68 56
17 121
60 24
84 39
71 101
134 130
146 148
77 138
40 110
64 96
143 102
70 113
111 115
37 91
141 55
55 64
33 120
121 87
60 142
29 74
50 133
144 43
25 10
64 65
44 78
109 150
37 99
91 91
16 99
94 142
137 119
43 32
79 11
17 56
73 88
63 38
73 31
44 10
80 106
60 99
112 48
144 45
89 146
23 22
29 51
77 71
92 136
87 109
141 114
119 136
107 58
131 48
54 126
44 22
104 66
58 46
92 80
108 63
68 91
106 10
120 17
26 83
39 56
94 117
133 18
67 109
62 146
121 131
47 133
121 68
103 63
134 102
129 88
103 49
28 45
118 84
83 124
108 84
84 108
21 20
137 133
46 119
130 77
53 110
77 117
124 39
45 41
24 19
37 115
16 81
86 89
39 78
108 104
82 36
24 56
107 51
102 89
144 144
111 34
130 17
119 62
30 119
58 106
46 128
111 57
64 67
121 142
11 31
42 58
83 48
140 126
86 150
26 122
85 62
145 61
27 34
114 28
120 67
120 105
73 150
126 63
94 80
60 81
142 24
52 63
127 24
139 18
13 127
46 140
71 56
81 132
16 99
99 67
16 27
147 122
113 70
58 136
143 50
139 49
34 11
35 105
105 69
110 87
92 106
111 86
49 62
66 82
82 93
128 124
25 138
112 21
120 57
83 30
110 150
83 85
88 25
46 145
14 137
108 150
24 93
67 27
23 44
81 17
66 57
14 78
50 148
86 138
147 81
24 59
93 58
82 75
100 142
30 127
124 63
79 150
147 85
69 148
144 34
27 139
11 116
138 34
60 16
33 95
69 20
23 141
111 65
14 73
69 12
147 104
58 46
121 119
38 25
45 60
15 18
14 106
79 147
98 32
109 17
62 143
89 27
70 99
78 149
17 124
28 54
87 21
108 133
29 143
72 140
27 55
49 80
35 13
125 146
38 49
136 47
48 51
71 124
63 42
136 43
47 89
65 138
65 33
84 97
65 125
62 122
98 123
11 147
75 14
19 120
80 19
137 31
120 109
35 10
145 51
32 57
115 10
91 72
149 117
10 62
114 29
53 125
78 101
122 71
36 26
56 148
50 20
112 87
10 58
131 88
87 78
135 138
77 25
37 52
128 89
76 119
139 142
27 24
34 113
41 48
27 55
76 86
131 35
58 39
124 60
18 69
138 101
40 90
110 98
137 100
143 92
57 124
22 48
110 60
15 57
88 41
131 16
47 128
88 22
26 21
125 26
59 19
26 19
76 31
44 20
89 67
135 26
65 115
86 45
70 23
51 139
95 89
88 103
133 76
145 20
88 112
66 99
42 33
69 134
33 43
142 44
36 141
150 128
39 105
58 78
30 142
59 58
57 92
138 121
71 130
38 30
44 109
50 79
50 70
150 39
75 32
73 129
67 143
81 139
36 74
95 50
95 105
104 136
121 84
92 95
75 91
88 74
22 105
56 149
100 140
32 100
16 101
91 109
52 95
28 21
12 99
31 90
57 68
90 38
62 93
54 147
149 140
70 42
79 120
31 61
145 66
113 116
93 90
20 27
116 60
17 101
80 82
58 38
10 57
16 27
49 11
27 133
121 46
18 120
57 148
32 99
54 31
108 51
99 11
67 140
70 124
42 141
85 137
144 145
74 34
25 29
71 23
121 62
75 44
28 90
87 17
50 63
130 112
131 93
24 27
10 86
87 146
118 43
87 109
42 75
21 16
113 71
149 59
136 43
127 38
56 116
25 35
142 112
140 136
112 26
132 122
12 24
55 51
72 46
54 54
104 136
150 106
66 147
51 140
52 110
75 139
59 120
43 17
69 26
21 112
145 19
95 43
74 13
99 98
12 76
105 53
27 125
20 104
98 37
110 84
130 106
36 145
135 119
65 68
132 116
16 56
117 113
68 12
31 146
116 24
13 80
61 34
60 119
145 125
90 66
52 65
100 78
75 42
34 115
140 24
22 29
14 111
62 88
72 21
61 58
26 13
129 45
58 59
16 21
52 88
20 10
123 95
70 71
49 32
149 39
123 26
67 123
131 95
12 56
45 119
136 139
117 21
144 44
36 96
125 30
65 63
137 142
98 53
108 56
41 122
15 31
87 113
25 150
73 33
79 129
96 131
64 39
95 134
106 93
144 64
92 22
74 131
120 143
34 46
25 118
119 88
130 11
66 99
90 42
23 35
58 24
73 123
41 41
62 109
98 50
99 148
120 39
141 54
54 127
95 32
145 91
51 104
110 96
108 54
116 56
119 16
117 73
118 74
76 84
16 83
87 103
112 15
149 30
94 50
106 145
48 35
125 69
88 36
111 147
120 85
20 104
69 16
83 114
87 24
150 81
46 35
57 53
10 123
15 21
133 43
139 24
40 120
29 127
95 26
65 49
52 28
72 61
144 142
39 46
71 61
30 87
106 58
109 76
12 53
99 90
140 33
46 109
36 23
30 38
140 127
27 20
43 74
14 72
92 85
39 98
116 113
41 70
97 108
56 77
150 116
73 139
83 97
42 49
133 123
33 30
21 58
59 62
30 131
54 15
102 53
145 144
32 34
143 44
115 10
110 105
19 148
27 87
105 46
45 103
55 47
144 62
57 48
39 126
115 93
90 76
50 74
76 45
128 144
104 56
97 27
150 109
141 59
123 51
59 18
142 123
26 141
63 102
105 61
84 59
19 37
13 60
41 33
105 142
109 46
78 94
115 52
60 49
24 44
62 55
138 107
146 47
19 51
144 80
58 78
85 11
41 67
28 45
73 102
122 96
148 146
85 93
147 91
84 112
28 119
124 79
132 100
52 51
13 11
47 45
141 114
70 46
51 150
15 63
38 56
63 149
30 63
15 134
105 20
148 107
52 69
53 54
55 47
53 37
117 39
118 114
49 90
62 140
63 32
79 142
95 134
62 139
123 149
54 83
26 112
23 85
24 47
127 132
21 124
90 140
100 93
133 106
116 13
117 55
40 111
100 140
65 143
77 18
21 73
76 144
134 59
39 132
62 36
114 68
72 88
81 66
143 94
61 24
27 90
143 106
134 99
86 135
99 59
106 127
141 41
78 54
80 62
113 142
114 65
28 68
65 34
128 38
31 142
61 140
86 109
83 111
30 75
34 126
31 100
120 69
52 99
38 137
74 32
55 124
13 33
122 145
52 88
32 95
127 109
52 65
142 122
137 24
46 38
21 141
139 58
111 148
82 129
106 69
45 29
120 88
19 137
97 140
32 96
44 141
126 32
79 41
114 86
48 16
124 77
64 68
139 83
48 88
65 108
122 113
73 15
59 103
107 46
44 117
63 122
87 37
140 52
94 28
148 117
72 147
88 71
112 137
39 68
112 62
90 82
21 114
73 85
90 122
22 38
128 135
43 101
126 44
79 25
77 80
87 38
128 58
104 29
127 59
76 78
147 56
14 11
35 98
52 150
46 71
92 130
134 110
148 25
91 135
74 112
13 141
27 116
115 19
47 106
77 136
32 78
127 129
72 99
146 101
131 18
99 19
60 130
114 31
48 113
62 22
55 138
121 150
145 82
63 19
75 91
44 150
36 61
94 17
76 97
47 124
72 48
120 125
130 109
113 75
47 66
66 85
36 121
20 145
81 137
13 90
105 63
128 81
59 108
33 30
16 138
122 88
73 52
145 94
142 133
39 91
145 81
58 137
109 47
123 84
114 60
55 18
33 136
19 46
53 98
117 113
98 146
22 87
101 145
125 88
29 51
67 21
79 131
142 86
119 15
114 33
39 19
75 35
66 114
75 48
141 27
128 94
39 31
68 143
42 140
144 76
108 42
56 29
138 123
121 46
114 122
19 34
44 14
150 31
122 27
38 92
20 99
79 107
15 13
48 121
136 80
15 55
82 64
137 130
60 103
43 84
49 28
46 134
71 68
47 83
122 126
143 60
19 114
60 86
133 20
43 90
31 79
17 39
122 81
83 134
57 100
39 18
63 50
29 10
65 150
56 99
145 56
146 101
122 83
91 59
60 114
57 138
13 56
118 124
143 113
103 34
94 22
12 144
115 20
71 17
106 148
74 48
41 119
74 16
123 102
20 102
150 67
46 77
147 100
33 116
125 91
64 48
33 27
125 114
101 49
13 150
28 54
49 123
11 125
130 37
88 105
86 38
127 110
98 63
108 30
146 150
126 140
45 46
23 100
13 143
81 112
22 127
60 122
43 107
31 95
148 85
34 30
33 113
49 103
146 132
16 44
28 90
102 55
91 99
108 116
113 70
39 12
40 135
131 46
14 149
107 15
46 30
112 121
137 46
101 132
59 88
144 65
91 106
23 54
95 92
25 131
61 87
10 11
87 72
148 28
15 44
48 135
119 85
114 53
134 123
125 43
24 77
66 76
38 94
66 78
75 29
113 59
66 55
110 85
85 45
37 56
24 80
40 136
119 127
145 82
133 76
106 33
123 84
93 95
107 129
71 30
101 92
12 18
139 100
130 119
14 63
46 17
99 141
87 97
33 61
78 117
19 27
58 36
12 120
16 141
51 105
51 49
67 99
91 70
12 32
14 41
48 137
125 124
91 79
95 66
149 84
136 71
65 145
120 133
66 25
147 139
56 17
43 147
101 37
96 68
23 37
149 67
20 29
28 88
109 43
45 94
147 11
120 124
109 135
50 79
136 103
55 70
104 130
57 129
74 148
25 56
118 88
37 50
51 119
39 143
39 46
128 11
57 138
58 109
136 39
140 121
123 60
26 64
111 73
18 18
80 148
140 131
145 142
25 71
98 105
94 135
50 125
111 76
118 80
15 141
25 83
76 122
69 92
129 142
42 69
64 127
105 133
60 55
72 15
100 108
82 54
13 25
130 22
131 24
29 88
131 85
117 36
141 37
75 67
143 148
144 42
41 56
67 91
97 91
56 140
57 144
49 115
76 59
45 16
39 75
14 55
104 116
125 27
34 128
96 23
45 93
75 71
91 37
105 56
37 122
106 92
78 112
20 124
93 79
114 28
112 64
101 122
25 81
22 80
44 79
105 57
71 39
100 122
54 111
80 41
137 66
24 103
133 112
97 122
56 69
85 29
144 141
118 19
80 56
139 132
18 41
43 138
34 64
53 79
64 94
114 125
63 82
114 97
69 78
51 85
15 126
26 138
103 91
40 111
130 70
119 110
122 119
74 122
88 94
118 47
97 127
83 116
115 83
141 55
124 22
23 137
133 124
56 43
42 70
71 45
22 36
131 54
53 12
43 39
46 39
30 121
34 30
19 89
24 124
32 61
141 125
24 28
56 65
72 74
71 57
114 136
30 32
22 130
62 43
76 17
57 50
33 92
128 65
94 112
21 48
40 58
89 73
30 58
140 95
95 36
139 34
114 141
142 46
86 23
100 25
32 135
38 99
36 146
82 67
19 93
122 125
113 91
41 38
88 112
135 21
135 25
131 18
18 106
111 34
103 82
35 42
66 94
114 84
107 65
120 123
11 99
76 55
71 68
39 51
73 114
119 114
10 38
106 132
136 95
36 131
132 118
113 127
113 83
110 80
136 27
50 133
147 17
77 85
137 53
119 31
76 138
110 79
69 62
142 112
44 97
116 125
123 78
81 106
39 92
74 31
50 131
71 75
34 140
99 11
31 66
53 22
64 117
33 72
33 102
49 118
28 120
60 42
27 89
120 80
122 78
77 141
146 101
14 34
74 51
17 134
62 49
120 81
70 98
80 125
134 32
133 73
128 70
141 118
30 117
137 66
26 12
52 59
120 53
18 132
130 132
54 34
128 32
54 44
51 125
108 146
21 47
12 28
90 25
129 66
93 68
129 46
31 81
130 59
119 42
78 134
82 147
109 130
144 97
83 90
17 26
146 128
55 61
96 55
129 128
75 75
30 116
21 80
14 101
87 24
20 93
12 59
71 44
93 121
102 30
118 43
64 30
136 46
22 78
11 89
140 144
149 46
93 23
68 113
111 70
56 53
110 75
137 37
135 63
110 80
87 32
108 113
40 40
11 28
74 23
126 105
73 91
55 44
134 42
79 27
22 81
13 78
87 67
36 110
28 71
36 44
27 138
120 24
75 60
39 61
36 99
109 31
124 67
86 146
30 36
63 49
33 62
132 65
148 124
137 49
38 21
39 94
96 105
110 27
145 69
19 99
13 10
68 104
127 70
14 112
130 78
87 144
91 67
102 28
77 101
62 73
32 86
126 21
99 15
82 116
75 83
25 98
98 29
51 19
71 12
17 44
61 108
41 112
40 11
142 37
28 63
149 31
101 55
84 138
114 109
65 68
101 81
12 138
52 28
129 139
91 57
13 93
59 127
103 119
108 77
39 109
67 141
83 41
125 118
40 109
121 19
116 67
77 73
46 60
29 97
109 50
23 44
147 60
148 128
71 149
133 148
38 18
28 88
79 89
82 105
58 77
108 65
46 10
27 72
101 77
47 99
10 23
128 139
82 83
119 129
149 89
86 67
71 70
83 126
27 49
90 46
128 41
122 40
38 30
88 64
10 122
10 48
17 76
132 105
129 127
120 28
106 14
77 21
107 147
121 56
57 54
105 31
26 49
68 117
32 38
11 107
127 53
50 96
74 78
28 132
61 23
48 107
149 103
20 61
66 85
94 20
23 105
139 41
87 113
85 81
80 127
17 13
61 136
65 122
133 29
56 56
59 14
43 20
90 71
102 122
53 91
130 57
27 50
38 114
69 104
59 25
68 128
27 115
143 76
122 31
36 29
99 95
110 149
129 38
115 85
136 122
99 142
20 43
21 49
147 25
10 63
110 78
102 30
59 34
110 59
131 52
134 141
78 148
16 83
126 42
127 49
19 34
71 125
35 38
73 137
53 44
88 148
68 98
85 37
59 58
84 14
132 18
18 137
64 54
64 80
95 73
69 29
112 19
47 89
31 31
95 41
84 21
89 103
66 42
137 112
32 43
61 131
37 89
86 76
126 35
80 43
43 145
65 150
137 65
111 93
97 45
99 39
142 20
146 41
25 69
55 14
22 112
26 62
61 132
12 78
42 86
135 10
119 38
139 39
86 30
132 82
104 33
45 78
56 48
46 131
141 33
34 141
44 127
45 109
130 133
64 47
40 116
38 36
34 59
129 52
116 67
33 56
123 18
135 43
43 28
112 18
28 121
21 84
73 97
149 79
87 21
112 78
69 132
102 62
147 148
146 95
147 111
62 45
115 76
103 145
60 43
55 102
53 86
83 107
133 95
82 120
123 113
89 14
150 126
69 53
20 55
82 127
114 59
110 27
98 42
48 68
114 86
87 27
18 97
87 54
10 22
51 124
95 56
132 119
89 133
75 125
39 92
59 36
11 36
40 33
79 34
130 74
39 118
121 14
33 13
63 117
137 111
62 98
149 90
68 115
26 33
41 63
67 11
37 89
55 29
97 89
109 71
71 40
106 55
54 112
42 50
76 17
11 46
69 134
145 23
95 134
141 76
37 134
107 138
79 81
73 118
92 131
105 117
12 139
136 128
38 97
53 81
15 77
95 96
36 106
19 47
97 105
63 64
123 16
126 20
80 44
52 142
110 30
51 132
128 101
14 146
113 84
84 24
101 102
16 109
113 59
82 113
90 27
76 71
64 50
45 53
91 70
126 116
131 42
47 121
68 49
149 54
30 94
87 94
111 95
122 61
98 127
48 109
89 96
139 147
19 65
73 106
46 118
55 61
55 23
115 147
89 13
79 36
62 35
47 87
26 17
50 117
107 141
50 99
10 58
144 40
59 115
16 15
132 75
25 98
36 34
126 79
102 59
111 95
141 138
143 89
87 102
39 31
51 147
102 81
97 109
48 79
42 144
63 149
27 18
145 128
133 100
136 85
147 18
99 97
96 73
11 36
17 115
93 127
33 41
110 23
100 100
42 148
56 93
61 74
32 29
104 19
134 57
105 93
54 54
103 53
113 35
126 100
115 143
132 101
147 44
18 118
107 61
117 72
20 64
99 60
141 100
76 122
14 44
25 126
23 85
49 144
79 34
43 110
130 85
89 115
18 32
125 105
109 16
134 132
98 146
20 67
100 72
12 111
51 127
80 37
26 62
67 62
76 110
52 89
123 90
115 18
112 38
11 95
12 81
36 134
117 75
74 72
42 90
73 140
14 146
48 95
74 106
15 75
13 44
53 85
101 97
56 106
24 71
130 54
40 112
83 70
115 83
33 101
102 134
41 39
40 71
74 89
89 21
147 70
41 29
119 113
54 35
135 45
88 129
66 31
93 129
135 96
36 126
85 24
48 97
110 104
16 99
132 92
81 17
58 103
84 115
89 99
82 94
23 149
149 104
10 123
37 76
135 69
93 62
101 85
60 89
150 87
124 136
49 75
126 23
51 149
49 126
132 50
95 133
104 94
116 129
65 97
19 69
123 56
101 23
122 85
108 17
19 110
82 54
54 120
27 30
82 146
44 141
47 57
150 26
30 44
88 146
137 142
19 26
144 150
111 10
132 42
133 62
26 23
79 66
110 114
99 145
65 66
137 46
78 35
41 137
92 33
109 73
97 36
109 146
17 87
93 69
66 91
56 76
102 65
78 49
36 91
21 26
47 32
64 116
122 120
105 16
135 25
17 112
74 35
19 104
62 25
30 128
65 70
124 145
52 124
11 76
143 13
95 148
125 66
142 79
97 41
41 126
81 101
42 18
138 126
115 135
98 80
61 62
89 144
67 99
79 121
84 35
10 147
147 57
117 53
101 48
55 126
34 134
46 149
109 21
18 27
104 146
44 118
57 112
36 94
137 127
141 148
42 86
142 72
83 15
37 129
119 121
21 45
79 64
41 34
138 98
142 47
13 78
118 145
118 132
103 131
66 122
85 46
84 15
67 34
73 40
72 29
83 30
26 128
39 35
41 111
38 88
95 23
124 141
110 27
64 33
143 49
43 56
84 33
148 75
24 70
94 69
148 79
13 113
107 42
110 54
106 95
87 129
80 41
55 72
97 91
140 51
135 46
12 87
79 100
120 21
69 143
52 145
102 56
150 89
150 139
77 124
59 77
54 76
59 73
132 39
114 40
94 113
86 133
84 97
38 134
143 80
72 22
84 118
125 48
19 13
146 38
134 108
132 19
30 24
36 16
17 112
109 47
74 125
100 70
33 40
42 105
116 23
50 89
134 49
119 58
132 101
125 37
43 22
23 136
10 135
27 99
28 82
71 37
144 88
62 70
14 36
150 60
33 54
122 120
116 131
86 96
105 130
44 119
21 114
10 98
11 94
54 107
49 112
67 16
40 50
104 77
41 117
66 143
133 23
68 110
111 76
51 49
32 16
69 145
16 19
145 55
115 12
96 19
13 29
114 26
54 93
126 83
37 123
27 85
116 94
17 80
63 126
30 112
86 85
44 71
99 81
83 127
81 80
65 68
115 89
74 140
62 106
54 89
140 97
147 141
89 51
105 101
69 14
61 41
87 145
46 47
68 40
54 54
31 27
73 51
80 69
49 65
81 84
23 91
63 79
142 51
10 91
19 138
45 38
63 82
49 10
35 125
68 63
51 46
49 63
111 13
94 65
92 62
101 44
11 80
114 105
18 131
12 76
21 30
132 33
38 123
73 88
85 111
38 47
79 96
86 53
115 86
88 59
73 40
91 47
105 55
102 52
62 58
62 136
33 52
130 35
92 37
78 78
133 66
55 123
127 13
93 149
48 64
80 97
11 19
60 59
52 99
38 94
40 25
139 25
142 51
130 57
111 22
67 91
78 149
50 146
110 23
138 150
88 123
98 45
66 98
69 94
98 107
68 113
116 46
14 138
32 143
105 55
34 127
74 141
115 97
125 140
22 141
122 39
25 140
105 74
94 93
81 111
76 99
75 62
77 18
11 76
110 93
148 52
34 70
106 29
21 13
47 57
35 116
84 53
88 129
52 71
125 94
47 53
30 113
60 85
125 114
100 55
78 22
54 40
140 81
123 126
67 44
129 97
129 40
141 57
125 87
138 94
95 128
73 82
56 51
52 120
120 14
150 18
26 21
133 68
31 64
89 136
48 29
125 136
106 81
89 92
149 132
48 149
44 44
47 80
45 25
65 111
113 48
85 55
58 107
61 79
12 97
118 126
49 44
110 149
121 108
40 68
147 45
49 149
42 140
75 136
129 138
14 40
54 146
79 98
145 34
122 105
78 97
127 55
41 36
145 97
131 110
101 60
52 39
85 93
55 144
92 119
149 81
100 117
116 68
52 111
92 13
111 100
75 12
50 129
24 41
75 92
72 91
54 68
101 148
33 99
55 72
89 65
69 32
41 41
22 25
64 96
115 79
10 56
149 127
130 77
70 141
62 34
137 98
12 19
76 47
21 38
34 103
49 71
134 67
23 38
29 34
36 75
98 145
32 33
17 21
88 115
116 82
130 132
26 11
107 127
114 33
123 47
91 148
50 138
94 127
34 110
49 130
22 123
28 93
30 91
23 112
147 48
123 31
33 84
110 26
128 126
87 23
131 78
38 121
24 124
95 44
64 121
126 40
14 90
105 98
50 47
17 114
141 106
100 82
63 39
82 148
138 64
119 97
101 136
60 129
11 90
84 134
54 140
127 31
111 113
12 31
83 73
46 128
16 51
72 86
108 16
135 64
66 50
80 101
138 14
59 118
78 27
62 17
11 146
77 45
45 129
36 23
41 103
22 97
24 102
21 82
123 16
138 49
73 95
144 22
106 45
55 125
37 148
25 78
11 52
75 141
17 44
142 113
60 19
130 130
103 121
136 53
117 59
46 47
51 73
90 48
89 52
11 143
82 115
137 125
31 12
65 26
129 41
21 79
145 90
131 41
37 23
92 49
69 16
30 110
141 77
89 140
74 150
37 15
112 73
121 55
26 36
85 120
98 68
105 144
62 149
114 133
71 18
30 49
15 119
29 129
16 12
45 64
93 116
110 43
128 46
119 32
102 75
35 118
56 51
110 24
119 96
118 122
43 135
141 138
91 140
114 33
85 10
78 114
112 30
135 31
127 10
72 16
41 118
127 127
124 11
100 103
112 122
85 31
90 76
82 85
101 72
53 54
80 118
126 65
24 12
121 143
136 17
63 142
136 95
131 65
35 128
116 143
90 106
22 149
31 111
40 130
122 34
44 62
18 44
42 33
117 116
11 82
128 16
68 37
134 69
124 63
109 127
63 45
38 88
83 66
101 44
121 14
56 46
113 115
114 137
65 17
135 127
145 117
24 84
136 136
145 123
68 47
111 102
123 46
92 47
137 136
99 13
100 19
116 91
105 138
24 115
90 36
110 132
13 135
20 66
42 144
101 80
53 91
149 149
103 123
46 85
130 66
118 76
11 58
140 17
80 41
88 116
74 95
69 144
139 146
16 25
83 148
58 138
72 27
99 71
142 29
81 148
63 33
95 21
56 72
66 73
142 111
84 42
78 118
94 27
129 106
85 39
69 99
98 11
61 140
78 74
99 11
139 63
27 11
34 49
64 73
143 45
52 70
77 145
123 50
145 148
81 119
146 112
29 52
129 50
36 112
67 74
131 29
75 50
124 87
99 69
66 54
79 110
114 68
121 60
127 82
94 27
34 99
86 116
72 78
97 37
104 125
105 105
99 63
10 98
62 36
88 22
125 58
64 92
44 65
55 55
143 100
150 18
18 102
80 95
104 117
132 69
128 69
93 66
20 31
54 33
61 67
127 93
61 107
52 50
22 143
84 35
81 51
126 47
33 121
30 122
100 32
40 72
138 149
84 144
21 71
134 132
131 46
126 22
99 142
33 66
17 25
37 103
99 132
123 10
117 124
10 46
128 50
35 48
31 35
130 57
131 34
102 68
32 72
109 137
142 52
77 109
144 32
47 80
24 108
71 122
145 38
17 79
15 104
60 142
128 70
11 56
18 75
102 23
85 123
66 113
103 98
124 62
102 24
137 42
144 95
36 45
88 143
116 59
143 54
112 140
12 17
127 114
22 122
142 139
121 92
31 87
95 13
103 50
39 30
112 60
43 144
73 114
29 15
104 138
80 109
140 85
121 124
96 130
50 124
52 85
30 35
77 52
62 62
70 127
118 122
148 30
128 134
56 112
16 120
128 25
108 123
69 18
55 122
106 119
91 64
81 103
102 148
131 147
93 146
70 57
12 149
143 27
36 83
26 10
141 90
119 28
90 88
128 150
51 17
98 75
121 21
29 143
63 142
29 73
79 121
33 42
24 105
87 130
59 28
134 129
110 80
64 74
99 94
66 68
32 46
72 20
86 137
48 116
140 32
48 38
147 65
79 113
24 51
116 109
12 54
104 114
70 111
36 95
73 77
112 72
132 121
30 105
134 45
12 135
138 86
12 46
86 49
34 92
53 22
74 82
136 103
63 104
84 131
138 135
19 83
18 116
85 69
28 75
112 134
89 102
19 120
142 119
122 71
20 21
99 57
107 68
113 46
118 78
77 141
29 31
145 73
104 20
135 96
79 103
28 128
115 102
108 56
67 60
125 23
108 74
148 51
112 78
79 21
81 71
63 126
29 73
45 28
98 13
127 131
98 33
98 136
62 53
92 34
116 43
25 69
55 65
82 117
26 27
57 17
119 140
33 97
47 126
85 97
54 142
78 147
27 72
64 133
70 121
55 56
88 63
37 103
21 143
41 47
76 114
100 105
60 77
94 83
52 145
76 77
132 61
36 127
148 98
53 106
46 19
122 102
15 43
25 111
146 114
10 16
13 113
136 61
46 150
82 52
130 11
77 83
85 46
41 10
14 89
80 140
87 88
104 47
59 70
29 122
97 114
41 58
118 144
94 51
40 44
145 34
14 97
150 108
11 90
46 64
137 57
24 53
40 15
105 111
76 73
45 142
116 137
105 98
82 103
77 101
62 130
117 41
72 127
146 131
100 13
122 131
118 18
28 13
35 132
73 84
82 123
109 140
88 109
150 29
141 142
58 116
128 82
57 118
114 103
129 139
29 35
57 13
106 112
62 75
64 66
95 87
94 99
107 79
99 18
92 66
137 45
125 31
71 130
13 137
95 35
22 11
142 127
139 36
80 57
21 101
25 86
145 126
124 95
142 63
71 35
84 142
84 67
63 19
136 40
32 139
100 121
140 18
124 69
128 61
142 25
103 142
37 96
71 62
141 86
41 136
46 103
66 111
94 141
110 71
150 59
106 148
62 119
21 30
130 149
35 56
24 127
147 147
47 111
112 72
31 109
57 32
119 75
80 29
147 47
106 26
125 96
101 128
54 86
64 33
16 118
142 92
125 133
143 142
127 69
41 129
53 125
20 66
59 103
40 57
84 95
63 122
78 129
68 95
121 70
121 66
133 45
46 83
139 75
70 63
70 105
143 79
147 120
21 19
46 125
108 114
22 84
109 45
37 130
62 14
132 27
85 123
35 65
60 53
53 70
65 11
79 47
47 31
40 70
80 20
124 80
26 93
51 49
66 145
105 107
91 126
98 32
52 13
108 73
118 84
63 19
36 127
59 22
126 61
61 50
140 47
39 114
104 18
65 86
76 43
76 81
11 39
122 68
63 148
78 121
120 10
64 18
139 51
117 34
19 58
141 26
125 122
62 135
25 38
122 101
145 115
11 94
94 113
65 48
104 123
31 90
41 30
129 40
131 111
33 24
93 77
65 82
73 71
84 48
100 122
64 81
149 83
83 49
136 106
37 49
116 146
118 37
102 54
73 57
109 139
107 34
116 15
125 92
129 98
110 47
139 84
25 112
80 74
44 56
111 48
131 58
141 88
50 89
95 79
41 110
53 90
55 68
43 94
108 70
41 18
43 116
14 75
27 36
143 73
71 109
112 65
53 145
123 51
78 27
118 32
39 125
99 107
69 103
130 35
138 78
70 114
61 126
21 102
32 100
30 12
93 13
56 98
25 125
71 68
50 122
103 97
134 29
116 57
52 58
94 69
142 19
30 99
125 59
138 78
114 56
138 55
111 137
117 134
45 127
61 114
27 16
126 122
122 17
142 59
87 46
53 43
79 26
60 52
113 129
23 21
24 36
125 97
119 18
17 41
57 52
12 130
139 132
137 145
138 69
12 23
76 150
50 124
138 34
73 25
19 112
58 63
99 115
84 92
139 94
70 119
81 141
130 66
80 53
45 146
137 87
44 25
103 86
72 41
125 19
150 47
54 59
138 66
31 138
132 146
19 64
145 131
147 19
63 76
72 145
90 148
99 54
136 26
122 50
31 109
148 69
37 14
88 33
109 142
17 136
77 100
44 32
87 29
122 105
77 46
114 107
92 126
142 41
123 90
135 62
137 138
82 19
119 75
93 108
115 63
95 63
86 41
150 75
141 40
34 73
94 59
139 59
117 115
58 126
95 75
103 141
38 139
73 116
133 142
88 121
108 17
62 118
55 38
58 104
64 23
49 15
104 78
88 149
147 30
140 37
144 17
78 67
44 96
97 78
46 27
25 33
94 111
46 34
123 102
136 126
32 33
116 112
101 105
57 88
114 67
144 92
34 147
98 84
118 95
77 108
73 47
94 50
70 80
47 70
129 41
138 67
49 107
16 130
55 129
99 67
55 118
63 108
36 73
146 76
147 124
48 79
137 32
12 123
118 15
89 49
58 35
91 133
51 148
140 57
113 135
44 99
19 104
29 75
106 60
107 10
106 42
100 130
21 49
140 64
26 40
75 142
71 51
21 113
44 14
14 28
93 130
114 29
78 57
35 57
143 27
111 123
133 101
14 110
26 68
47 109
103 103
81 121
127 56
100 52
87 70
76 93
143 101
124 29
126 89
148 73
16 46
127 26
78 107
68 21
59 104
79 148
75 124
72 139
123 75
76 75
141 76
92 124
15 127
67 82
91 107
85 134
20 79
92 81
74 20
105 146
91 22
141 71
87 58
28 50
93 107
101 51
12 71
110 146
21 56
83 68
90 134
27 79
144 124
75 51
143 62
48 40
62 105
70 21
31 33
12 61
13 121
18 21
112 137
147 135
54 132
52 13
40 129
21 44
99 64
85 73
75 22
86 39
38 51
105 21
67 15
136 22
107 99
122 25
45 83
103 32
87 28
11 98
113 10
30 112
93 137
134 42
12 35
27 119
28 30
76 59
132 12
131 141
137 47
39 88
147 50
20 25
17 60
88 44
43 66
20 51
74 130
21 52
95 46
47 102
130 134
37 120
35 23
45 54
128 84
129 33
112 118
132 27
107 96
91 10
109 17
32 145
85 59
93 124
46 142
57 15
58 132
14 70
65 144
124 54
132 100
148 53
133 24
143 22
122 100
100 133
58 55
21 44
44 70
60 109
10 36
79 110
42 20
10 87
82 20
80 76
24 118
104 119
133 16
110 15
122 43
28 106
18 59
76 100
128 11
20 30
67 61
39 50
129 59
16 82
142 31
60 31
21 27
74 121
116 119
100 111
32 42
112 96
43 57
24 70
126 12
129 22
109 98
44 121
39 69
37 141
138 33
75 10
96 12
17 108
136 125
85 134
63 87
120 48
126 121
143 50
71 150
46 121
15 62
76 138
11 53
123 47
36 68
105 111
25 117
74 77
16 84
78 51
119 134
103 47
49 109
44 100
27 18
112 114
24 57
144 120
75 71
139 42
89 150
80 138
147 87
88 53
130 98
148 51
17 22
95 77
139 37
119 45
138 37
19 90
13 29
66 147
55 105
97 68
138 59
45 104
84 110
114 42
136 45
133 80
148 100
82 61
60 140
106 150
86 18
55 127
144 145
116 128
104 46
90 36
31 28
34 113
55 112
135 81
69 104
107 66
124 42
10 121
18 74
56 86
34 57
82 33
149 28
136 15
112 55
32 21
122 64
113 60
96 132
105 100
45 142
22 138
109 147
28 132
110 100
48 134
12 138
44 126
12 30
115 103
86 119
27 31
12 21
19 98
43 131
77 105
141 68
10 95
95 100
135 94
23 44
101 17
25 61
24 99
139 55
138 109
81 124
18 148
42 124
120 110
72 17
70 51
127 62
38 98
82 60
27 29
105 46
98 39
49 22
124 113
30 18
35 72
25 71
99 89
41 14
40 138
36 93
114 124
81 88
47 130
121 89
100 94
57 97
64 104
66 68
57 43
73 134
59 115
94 37
60 41
22 17
150 88
109 103
148 150
129 32
20 21
41 129
119 34
37 59
48 53
75 96
72 25
77 97
101 65
129 114
125 38
114 72
10 147
102 75
14 34
73 10
28 45
39 127
111 102
144 11
40 82
64 123
64 21
14 47
104 88
61 13
89 147
147 91
52 81
16 108
72 71
114 100
99 73
68 84
80 66
37 44
69 93
21 36
19 49
53 80
124 56
150 64
79 143
67 105
138 56
44 39
144 36
44 145
66 97
127 122
34 123
145 132
99 76
89 42
122 124
135 44
144 18
54 113
36 88
102 13
128 115
31 49
74 120
14 108
14 83
62 10
21 90
119 138
97 82
61 99
31 14
84 79
127 65
99 106
10 53
82 129
20 80
110 26
91 28
145 79
105 47
29 25
118 72
28 91
126 34
17 78
16 93
131 123
100 111
70 94
114 75
130 105
74 88
25 138
17 63
101 16
102 140
150 148
100 135
131 16
55 70
54 19
145 105
121 62
101 48
38 16
85 30
79 107
147 104
116 106
80 11
102 59
88 36
147 150
89 90
28 48
91 70
106 111
19 66
101 105
39 44
53 97
86 138
103 26
86 25
85 129
105 81
103 122
150 149
115 138
10 139
71 115
50 75
133 93
101 139
45 14
21 63
139 123
110 95
123 13
39 133
78 74
51 58
109 91
126 35
45 25
49 147
22 65
95 56
131 74
117 60
90 144
70 94
57 21
69 37
81 46
68 48
75 44
74 121
98 77
90 147
122 23
17 93
72 32
46 77
76 51
11 117
79 88
136 105
106 110
111 41
44 68
21 101
51 118
16 86
90 124
72 25
55 114
57 115
23 29
20 93
45 100
14 80
146 150
41 81
41 135
124 103
63 54
124 81
14 52
25 107
91 29
11 94
43 137
20 56
143 31
74 135
40 28
116 50
120 135
30 23
22 141
99 123
48 143
121 19
55 77
72 107
31 22
83 61
92 20
101 59
84 93
57 126
39 108
47 66
106 128
117 70
86 23
37 116
114 143
140 123
99 62
74 13
147 84
84 22
39 22
37 111
91 137
75 68
138 94
47 139
44 131
136 30
42 101
50 24
129 118
104 46
46 138
29 118
93 96
148 126
30 98
32 115
51 78
141 105
101 27
59 46
90 123
123 120
149 58
102 92
137 150
26 118
41 61
55 104
56 59
12 10
113 62
141 131
35 86
75 24
122 78
65 111
134 44
67 129
21 139
134 124
107 64
58 12
65 64
143 108
57 130
97 120
23 62
150 27
134 47
57 143
114 58
54 46
34 38
92 19
105 56
43 122
71 118
46 46
102 142
12 109
105 52
33 46
