84 62
49 854 928 548 82 672 145 765 889 836 220 280 68 54 415 67 177 981 663 690 143 446 38 159 840 903 908 752 33 765 533 765 338 670 727 223 447 101 169 638 499 637 532 845 384 501 419 592 514 984 470 252 549 858 665 943 469 182 908 713 140 715
279 696 886 457 991 916 441 15 617 446 246 602 503 962 156 662 337 108 826 391 732 189 613 212 282 679 282 632 334 71 223 438 660 481 507 741 76 134 830 573 262 107 479 424 357 431 904 902 29 604 618 289 963 290 706 531 975 534 467 761 406 836
271 127 415 580 956 617 847 947 153 187 983 694 925 757 15 387 972 208 713 300 277 269 501 219 964 1 27 682 800 252 725 791 980 424 280 354 131 135 357 508 937 335 926 346 939 365 279 200 122 513 594 607 945 265 789 513 390 418 276 476 429 781
686 178 368 820 666 567 521 394 614 588 254 838 903 970 199 633 977 568 851 729 286 145 755 38 935 486 917 952 115 260 560 464 777 30 100 593 876 236 763 6 725 740 9 579 359 912 721 988 896 560 598 789 214 577 418 31 489 696 676 281 653 996
734 374 937 298 299 830 915 837 808 955 630 660 845 33 866 982 551 572 154 576 876 83 660 724 802 65 334 934 782 6 737 8 793 6 561 411 60 521 60 177 657 254 657 736 130 552 661 93 358 994 904 540 501 308 691 776 734 962 814 380 978 450
5 94 848 533 590 776 146 923 625 845 694 912 688 23 216 762 60 676 219 213 317 151 624 258 951 232 664 287 381 419 338 459 529 288 681 629 505 514 503 105 197 220 825 863 930 478 416 352 623 377 474 96 208 430 673 40 736 44 375 343 504 886
459 595 111 798 201 787 851 259 849 74 948 273 623 856 48 409 117 50 63 300 256 780 839 122 711 226 719 36 244 134 296 723 178 402 118 150 764 325 121 109 747 690 932 241 365 58 444 541 387 618 718 562 65 615 290 8 994 684 666 108 705 780
288 961 341 406 714 998 558 180 325 182 897 480 357 705 768 472 406 759 609 66 997 870 650 167 564 638 110 571 455 882 498 245 458 650 265 21 976 40 668 395 939 416 456 161 929 554 477 805 561 509 952 547 88 564 428 862 693 160 781 539 45 582
595 480 704 354 483 286 452 564 627 459 756 910 628 451 522 65 499 870 266 965 144 910 93 598 648 160 285 617 532 35 379 812 415 673 228 499 474 338 736 620 890 265 810 339 81 667 117 218 43 889 398 864 392 762 572 758 916 54 312 233 52 348
782 418 531 831 614 593 461 790 782 407 889 316 533 291 936 828 818 225 648 334 599 484 398 310 298 668 826 870 702 477 341 41 500 255 793 528 698 714 262 317 871 810 530 467 482 154 404 324 816 541 548 278 166 982 41 133 111 800 527 942 805 748
528 473 464 37 311 628 527 70 522 848 388 482 185 980 948 227 954 643 757 578 252 360 159 945 741 127 134 199 7 266 809 430 96 221 394 543 985 785 836 290 992 549 478 635 999 442 508 755 341 400 435 642 438 813 384 700 35 559 311 736 445 422
803 289 732 589 443 71 839 349 274 807 960 58 425 768 759 916 926 59 470 686 353 863 51 245 913 995 224 106 932 170 738 232 632 437 11 641 40 13 381 319 670 802 201 732 171 322 217 849 905 562 890 625 217 487 893 29 298 18 292 637 633 742
293 703 707 517 8 13 871 749 343 449 339 247 529 134 537 667 458 568 893 153 906 176 465 41 694 207 510 369 762 834 612 546 734 626 153 584 325 559 378 133 152 561 145 887 321 957 646 154 782 661 287 690 392 770 405 57 709 936 940 197 965 835
858 392 308 216 439 681 615 695 701 73 431 402 519 555 670 968 319 903 716 465 899 664 126 321 479 684 383 825 184 437 720 512 524 661 341 417 507 960 163 491 984 759 560 759 766 740 486 366 414 180 392 246 681 555 780 183 364 547 779 128 776 690
26 76 988 24 514 482 152 861 886 559 500 606 990 389 796 942 695 923 669 375 811 323 18 117 25 449 956 207 628 756 134 954 255 837 619 952 864 599 135 488 520 749 470 721 104 408 678 893 470 818 980 149 480 936 53 582 537 215 746 607 969 347
848 630 119 456 696 525 192 866 689 475 415 721 985 345 454 882 316 811 549 124 157 218 553 230 252 485 487 723 845 733 729 269 266 377 292 60 374 429 692 236 376 587 266 107 397 929 679 734 88 343 897 760 897 68 105 83 491 416 176 456 699 767
432 435 644 684 126 901 3 941 0 362 202 526 65 984 367 564 347 241 632 789 840 841 608 816 78 772 528 154 991 740 836 96 303 424 978 465 236 499 953 562 861 82 222 226 216 736 130 806 939 211 572 10 780 214 543 739 191 271 745 954 45 219
175 534 504 356 93 378 338 726 435 801 40 126 773 192 752 210 975 400 224 74 2 236 447 992 624 766 762 649 72 154 314 537 490 928 1000 137 426 680 651 522 663 285 258 235 69 114 748 24 836 544 616 271 334 325 814 961 720 952 497 976 943 466
573 100 374 205 625 3 511 351 945 154 745 337 517 27 804 829 850 807 135 534 607 306 858 293 706 618 247 293 329 815 494 120 774 830 742 441 101 896 927 387 52 280 61 730 583 911 175 847 19 810 256 76 40 973 605 87 766 598 823 699 322 993
358 934 307 620 135 565 696 438 512 284 432 785 90 124 277 101 239 254 751 965 950 312 847 753 93 541 96 684 644 441 145 563 70 147 462 310 191 808 855 674 233 347 961 397 87 693 917 173 156 317 983 972 238 106 301 558 819 346 369 638 970 449
472 435 141 418 3 837 983 932 846 787 427 615 461 805 681 53 230 637 51 843 19 203 399 825 514 728 783 731 730 635 440 328 96 576 988 743 95 109 138 962 843 36 845 139 82 303 321 523 453 947 9 715 520 681 979 923 227 970 468 719 726 351
89 904 586 212 142 379 438 550 602 556 327 394 54 248 490 5 716 221 194 22 608 103 201 455 277 702 356 328 75 500 662 732 808 272 790 469 455 649 424 647 502 465 283 136 876 830 774 204 203 90 584 592 701 991 427 631 345 401 795 440 364 50
81 445 729 91 656 652 283 31 525 44 439 436 111 851 944 813 908 500 818 706 59 767 237 582 244 3 276 979 644 831 962 340 482 643 562 833 354 482 287 730 271 810 423 164 157 827 263 725 349 216 932 523 101 875 565 139 280 777 250 981 84 25
906 56 483 949 845 999 231 5 234 814 226 499 794 488 680 981 969 24 475 681 316 18 960 19 183 466 446 532 774 574 190 907 260 607 144 180 230 780 278 22 247 373 581 894 405 126 621 562 302 388 24 240 49 299 78 671 635 421 313 334 114 558
450 173 861 475 66 841 322 939 147 378 496 518 510 504 563 279 622 593 783 521 854 758 685 906 200 596 325 88 313 327 463 836 903 330 642 106 581 568 496 666 160 358 533 647 797 212 461 282 862 853 190 477 968 524 615 618 802 706 335 279 614 277
314 829 276 962 729 765 348 772 133 948 630 332 668 148 579 262 343 356 568 647 538 196 236 543 795 287 289 738 460 877 314 977 618 696 790 47 113 396 187 400 458 136 822 221 234 137 119 422 384 784 915 961 801 205 912 887 270 298 846 603 550 403
98 529 831 220 115 866 262 304 100 97 266 820 900 595 49 159 74 75 443 800 826 785 152 331 687 136 863 951 780 437 657 1000 250 770 823 847 80 635 276 896 362 676 707 254 741 3 369 863 959 414 474 608 64 291 738 301 791 283 799 879 83 556
975 619 537 602 152 793 290 979 706 333 418 730 950 192 907 387 893 174 564 120 33 722 477 633 418 280 227 541 945 780 333 556 306 857 458 538 95 391 729 271 298 100 477 179 613 879 838 622 188 909 948 283 287 193 755 986 351 820 593 411 153 144
260 471 391 998 426 744 990 639 210 359 228 155 359 585 299 750 779 591 1 397 546 735 663 652 826 236 750 894 484 220 495 740 167 829 464 7 937 792 764 330 844 810 163 577 980 346 4 903 556 225 733 617 686 63 506 394 304 328 637 466 735 403
214 227 795 39 198 785 938 480 698 745 581 694 231 1000 666 624 313 398 132 445 411 957 344 116 362 59 768 491 956 213 564 404 33 521 689 642 485 375 821 743 462 163 766 479 498 263 342 844 129 385 113 137 723 646 894 79 447 487 300 98 276 484
391 750 56 215 878 114 809 736 207 985 555 386 134 941 684 854 280 994 342 931 482 690 574 848 213 991 166 376 270 821 885 413 232 424 967 562 902 635 152 793 680 696 952 643 686 679 730 475 80 905 989 364 379 978 341 536 63 546 602 973 736 343
696 834 294 488 62 920 131 673 396 285 946 133 168 845 132 632 852 315 209 315 256 466 945 163 770 979 600 943 972 291 83 653 462 890 92 745 585 99 719 296 619 457 312 750 939 512 14 918 308 914 928 699 835 254 567 506 150 165 452 351 276 374
916 251 275 813 582 696 933 757 137 907 827 59 650 548 201 612 31 457 880 375 670 510 251 486 936 777 468 578 347 660 281 735 929 193 739 807 963 136 777 511 569 105 868 414 583 501 213 385 856 99 690 45 734 712 329 161 881 304 108 622 147 16
853 431 64 485 684 858 802 524 548 964 504 582 712 789 194 273 767 468 20 133 189 913 121 979 544 421 188 167 327 543 127 168 540 254 13 242 133 341 167 220 725 530 559 742 218 925 326 316 601 544 376 213 793 231 995 19 907 750 26 548 516 72
435 454 53 476 768 902 781 937 270 724 38 8 65 539 958 27 483 31 57 197 442 72 220 113 761 558 720 655 115 230 581 352 947 430 607 920 916 573 919 887 61 80 866 190 943 251 698 429 702 709 341 322 898 36 950 646 198 151 268 586 536 663
392 727 452 383 306 385 53 369 954 184 801 691 394 679 31 770 673 728 259 820 237 256 93 538 371 364 552 42 133 852 172 522 931 806 854 264 181 775 107 497 238 74 336 279 500 889 337 624 398 760 735 701 358 540 107 829 289 939 277 760 837 706
430 939 506 30 323 319 238 568 364 782 169 136 142 174 627 812 723 658 871 421 840 386 160 950 194 534 893 832 430 769 722 502 198 537 469 258 911 786 189 213 133 638 990 200 907 310 151 405 521 279 928 789 354 727 252 323 926 263 761 553 726 400
161 114 464 650 812 404 971 904 265 450 251 576 850 454 864 920 533 989 44 451 298 395 531 284 565 635 68 815 432 819 4 372 246 330 107 289 348 724 433 30 990 892 606 124 204 711 618 79 88 268 801 876 443 574 389 985 793 553 252 897 56 300
132 738 768 579 491 827 560 425 406 974 618 162 738 526 77 310 328 370 697 117 824 209 528 656 759 133 864 816 343 158 636 805 157 590 647 900 461 892 168 579 573 382 53 88 843 880 565 720 283 584 530 861 797 638 501 306 693 211 300 145 946 486
830 291 333 170 975 695 597 61 953 834 982 259 330 474 553 313 408 490 253 104 513 205 713 396 636 15 966 122 665 100 991 916 794 903 718 364 268 682 49 182 57 498 659 872 637 709 443 464 474 307 930 872 936 515 628 169 230 298 713 371 875 284
54 117 988 194 531 182 539 348 427 163 921 270 359 824 219 713 56 1 767 579 576 989 86 309 659 793 551 531 496 143 730 294 738 278 369 897 720 302 135 792 344 216 181 268 626 795 435 171 35 910 335 499 329 564 569 283 995 557 438 907 677 721
210 267 392 665 571 849 644 328 994 506 617 855 862 180 397 833 916 546 47 652 581 427 676 218 896 610 182 713 335 61 82 525 298 367 58 792 569 697 456 230 171 396 23 29 477 938 309 161 986 531 745 365 574 537 489 739 592 125 563 10 17 363
587 373 128 686 260 551 706 871 298 208 171 447 382 381 466 462 774 262 849 793 773 765 543 0 62 56 482 684 966 198 291 955 146 977 565 828 901 957 862 805 630 597 794 645 919 320 997 750 736 676 752 518 610 709 92 562 6 239 938 708 834 724
230 926 152 492 866 758 187 327 522 916 297 231 692 996 200 905 475 959 271 371 982 15 8 144 478 572 624 949 964 359 77 779 39 165 909 458 229 399 645 465 350 218 180 845 800 448 289 694 876 844 251 692 87 56 339 326 619 555 213 469 224 7
896 237 587 104 731 270 49 281 308 888 58 521 910 139 577 571 735 12 324 427 771 490 171 564 456 46 959 475 619 884 141 832 9 482 949 614 723 361 368 394 272 483 733 380 305 603 446 516 130 577 920 257 599 754 131 927 57 510 844 942 583 786
38 576 509 175 322 242 231 995 431 464 360 334 829 721 34 847 41 265 152 436 587 505 483 976 118 639 886 888 292 806 25 129 138 733 823 134 149 281 989 916 966 745 830 521 857 141 985 260 453 584 728 923 476 299 480 833 94 841 370 934 47 935
797 503 601 346 566 888 915 62 101 741 196 264 782 479 736 769 294 455 793 910 125 843 173 900 906 331 894 627 300 478 216 134 92 927 114 195 191 214 821 99 189 205 557 756 515 922 268 132 370 768 339 896 86 794 632 265 888 635 682 792 538 65
948 592 424 509 992 792 665 219 941 17 126 201 398 275 593 346 164 19 520 489 565 134 226 183 207 983 927 345 33 298 320 297 394 408 901 339 479 92 923 156 444 807 940 48 104 561 429 196 746 66 372 716 564 769 894 5 829 706 418 83 166 457
346 113 659 232 32 801 223 501 546 28 720 881 856 595 359 991 403 790 281 947 843 504 983 447 964 935 139 301 195 134 576 834 283 26 439 898 41 262 564 38 146 327 964 1000 561 464 279 47 194 527 607 595 596 817 280 410 398 623 494 803 192 534
912 94 209 436 514 919 703 404 125 249 511 558 179 457 930 121 312 796 707 983 157 334 97 397 176 820 355 183 342 324 367 386 465 621 773 347 311 773 749 372 170 174 539 661 98 231 893 498 694 1000 908 154 729 366 505 92 262 631 146 775 666 917
653 314 914 37 392 957 386 948 890 594 480 100 930 903 161 612 777 245 602 333 424 753 830 74 45 133 216 843 109 13 167 757 884 665 596 940 142 856 224 253 798 87 529 982 41 700 311 337 850 486 861 694 263 9 901 531 784 554 927 291 441 710
45 707 343 319 277 541 685 509 876 902 222 453 659 823 991 258 931 582 100 908 945 145 463 225 502 127 873 709 133 690 528 187 457 89 827 885 979 739 605 867 825 435 533 651 689 873 51 153 682 22 633 859 31 509 246 85 234 883 342 550 482 481
96 14 397 149 958 392 600 737 232 22 785 457 344 314 840 389 59 988 14 708 122 652 471 887 482 5 687 784 85 550 273 42 701 550 133 212 541 157 395 549 776 408 560 354 609 322 943 538 221 94 194 968 581 941 475 982 583 158 439 274 282 216
660 253 738 749 350 809 179 532 839 945 741 790 4 429 347 409 494 611 440 197 243 348 43 540 142 901 852 179 232 23 181 846 520 16 83 312 978 852 275 263 938 126 256 252 730 935 231 991 245 359 577 223 572 771 465 858 196 665 762 383 472 612
122 706 514 855 267 737 459 430 975 66 235 326 183 602 351 152 604 516 414 96 412 990 82 545 575 258 805 19 688 668 528 988 160 363 592 895 316 606 660 329 853 521 294 609 321 145 667 118 342 588 408 591 319 973 516 101 281 885 512 837 922 453
171 743 496 404 912 424 206 626 65 864 623 592 513 466 172 167 362 614 129 795 460 814 923 120 777 241 82 475 227 938 381 546 758 40 972 350 88 682 224 454 818 724 970 712 26 819 976 868 759 565 990 631 112 967 5 494 498 116 411 934 351 477
357 413 692 502 640 779 401 256 75 574 937 794 909 385 855 405 868 748 326 157 167 189 60 0 376 774 629 18 594 643 87 583 545 133 97 78 41 4 131 544 939 654 210 458 393 269 435 744 911 259 804 909 923 123 770 844 258 287 500 722 837 613
391 752 509 154 87 573 7 339 386 88 401 979 623 942 515 48 199 486 353 40 424 872 732 633 706 838 901 705 395 573 770 117 631 847 664 936 518 624 103 58 461 665 970 395 297 766 448 753 685 800 545 629 138 505 546 176 486 274 197 18 677 62
403 617 882 541 689 476 445 800 223 938 652 391 850 12 844 848 323 185 154 315 693 167 633 294 793 888 278 546 155 284 347 977 815 820 175 592 622 485 60 287 887 291 926 590 523 327 595 482 464 501 903 257 799 42 958 331 897 561 921 329 104 539
640 833 375 758 181 86 916 309 479 930 480 587 380 913 439 851 275 530 497 69 498 68 268 336 902 308 562 528 925 758 315 823 681 172 567 993 770 95 592 938 854 801 852 420 759 872 893 257 959 40 120 995 738 653 359 587 385 523 85 88 664 705
281 616 960 708 196 972 947 80 753 668 817 386 277 522 801 627 197 778 648 165 220 549 939 259 650 958 438 947 194 302 654 634 170 620 721 664 68 562 437 892 655 525 857 923 908 283 831 399 756 71 25 431 589 40 775 747 796 55 871 44 532 615
899 202 175 322 788 866 828 472 950 691 528 300 543 9 950 158 280 526 639 563 952 34 892 185 181 817 636 557 249 573 786 85 839 632 141 670 450 150 416 28 148 486 410 707 883 966 62 490 980 894 899 154 322 116 939 312 157 555 601 752 703 359
481 864 942 987 967 804 692 157 923 706 543 560 602 768 298 630 150 163 183 356 753 221 81 47 713 159 870 987 952 773 634 272 19 171 578 698 544 297 123 168 163 25 920 785 229 686 602 84 970 479 594 155 525 308 949 440 395 264 733 850 284 279
129 307 838 727 594 595 933 263 58 198 183 165 81 57 185 622 802 787 726 28 869 287 295 573 261 447 114 916 16 771 122 617 170 434 829 941 518 42 857 169 278 360 716 460 19 165 274 674 619 568 467 649 405 265 675 552 757 880 543 198 335 345
733 457 121 422 964 648 363 850 344 241 460 451 343 745 532 465 543 222 558 361 532 66 477 212 287 650 682 674 532 606 289 371 510 202 573 677 28 537 444 150 420 264 633 777 372 985 654 347 758 402 348 719 6 31 688 517 515 147 725 101 135 675
917 19 58 963 81 53 399 597 551 643 664 982 22 995 132 361 83 850 466 158 942 61 267 567 415 411 364 216 392 169 608 110 748 449 436 307 94 572 93 468 997 207 892 332 101 118 262 22 109 655 482 454 293 786 289 588 175 523 351 286 304 29
690 151 51 131 29 30 704 153 242 822 640 573 531 628 567 517 671 365 987 83 357 341 288 418 878 613 763 794 105 292 6 59 103 904 400 840 134 312 127 771 985 802 443 647 527 537 51 414 646 451 432 482 281 426 990 166 517 775 685 520 325 952
10 450 275 49 162 442 766 901 240 236 258 17 969 543 157 17 4 895 678 38 113 435 258 127 361 48 383 86 975 715 759 303 894 861 256 84 336 202 194 920 378 340 769 776 618 100 548 145 918 423 785 641 723 86 575 14 129 659 189 991 870 12
588 213 612 621 639 921 699 627 163 607 425 458 480 997 350 478 850 33 248 721 534 155 24 813 920 634 532 117 53 871 452 302 411 277 964 563 982 540 124 408 745 388 9 289 669 607 611 485 195 797 163 607 474 360 808 448 799 557 417 817 266 989
553 987 909 404 190 864 840 741 72 99 55 719 679 971 483 318 661 678 795 5 911 584 505 494 59 896 217 633 159 200 700 702 777 569 36 470 327 806 629 131 248 213 48 571 346 738 82 252 416 113 948 256 745 926 517 46 858 361 733 285 856 263
742 98 472 642 3 885 863 107 150 471 438 895 22 760 21 537 512 500 158 472 814 381 676 829 725 457 494 701 387 718 855 142 77 293 673 513 584 632 448 320 339 628 584 173 674 763 102 675 925 680 529 548 105 4 676 585 31 410 37 138 399 779
368 680 338 241 759 456 540 973 613 92 842 579 714 950 856 632 432 108 222 37 302 181 609 48 393 365 642 663 163 765 970 349 468 152 257 954 853 696 318 941 360 740 644 815 608 544 341 509 385 907 351 171 370 939 166 904 573 196 700 4 215 403
608 537 627 577 860 932 699 63 377 22 555 836 697 446 137 218 762 805 771 529 963 914 985 924 120 610 742 206 942 656 842 800 886 247 434 189 331 943 440 950 927 658 813 650 739 198 416 661 702 676 931 32 18 53 805 652 184 18 762 853 297 600
697 330 14 187 445 966 728 373 891 857 182 822 225 215 186 36 340 728 740 134 202 645 363 699 745 665 176 28 795 118 747 101 575 580 547 523 919 71 864 865 592 279 10 595 400 864 859 886 534 997 407 801 29 478 958 847 952 526 747 983 593 440
412 224 299 741 516 376 213 252 755 780 712 540 968 763 531 825 774 232 220 632 111 818 471 461 912 85 8 615 199 836 390 621 648 353 653 774 292 77 231 683 791 524 243 491 930 650 939 321 592 640 6 353 171 987 392 924 223 316 966 734 426 390
698 578 69 790 38 74 133 447 797 632 507 594 675 3 348 976 452 958 440 538 370 894 999 524 532 444 31 741 641 995 56 694 254 540 521 910 549 981 348 664 530 696 25 293 11 180 203 140 740 824 982 911 785 911 785 365 832 253 546 60 347 518
427 763 620 384 754 115 460 270 437 303 455 305 368 476 295 365 57 367 349 508 820 975 272 872 239 268 870 312 178 773 967 39 854 173 808 437 679 163 100 711 476 382 474 389 172 833 760 658 676 430 289 19 447 591 689 245 267 511 49 610 57 220
580 566 852 797 666 698 323 754 313 113 216 288 717 564 797 127 388 646 642 664 952 921 825 568 811 486 269 88 398 814 779 705 817 707 539 980 325 253 870 421 664 729 779 398 415 814 412 336 64 641 885 932 443 991 801 465 847 995 116 362 682 952
893 738 418 895 356 248 829 656 723 928 611 137 377 209 294 264 552 218 424 627 382 352 439 609 673 613 527 249 37 971 611 180 423 757 165 814 650 592 449 333 665 696 930 212 376 4 766 564 829 188 821 464 590 406 535 158 92 711 695 782 966 447
779 644 675 157 202 953 120 617 765 385 393 425 115 905 568 718 884 439 847 183 220 162 198 680 282 460 754 25 560 408 528 743 949 789 425 263 959 538 433 565 731 780 421 144 247 893 33 11 692 2 186 114 892 50 260 31 882 450 516 918 493 921
354 128 372 74 561 771 8 697 972 817 183 774 101 212 420 680 634 962 362 86 102 73 357 767 358 16 1 597 942 148 826 388 417 472 700 459 409 243 689 541 788 367 219 541 208 511 223 466 679 676 475 329 151 107 346 273 693 309 392 413 155 328
62 335 290 515 463 820 913 120 319 798 254 582 289 93 362 211 577 677 42 499 841 962 660 221 195 749 136 611 193 75 346 591 474 908 812 652 295 508 643 955 571 331 372 687 410 419 809 844 83 685 841 570 529 427 496 397 362 756 97 225 522 349
207 792 79 212 496 735 480 964 919 225 77 939 897 845 345 703 890 842 47 864 661 188 928 786 679 765 559 469 876 322 733 632 179 137 780 619 343 979 403 587 612 979 171 896 302 788 948 273 863 604 752 207 61 328 418 552 711 257 798 69 223 596
105 78 851 816 344 133 553 691 709 419 452 947 9 487 815 540 870 102 952 329 322 708 362 246 75 989 594 914 677 326 137 965 706 695 728 798 980 958 922 72 791 413 214 388 851 503 355 710 913 160 998 14 387 722 664 505 31 906 957 574 918 292
