100 100
887 311 52 760 62 37 11 350 973 705 744 745 683 884 728 255 301 495 118 265 542 945 244 865 308 501 927 589 292 225 628 7 863 662 684 92 18 442 904 399 337 88 323 274 976 60 580 665 45 325 630 400 109 59 196 354 310 399 140 891 483 209 444 79 246 791 524 39 831 820 85 354 565 203 958 561 271 582 151 198 890 119 664 349 639 234 617 788 345 842 318 683 186 331 801 902 64 35 171 213
145 374 24 577 255 53 284 996 690 435 592 935 69 558 571 890 192 14 797 16 343 587 707 928 497 572 509 100 842 918 200 690 244 496 23 184 887 992 774 176 827 48 925 118 617 245 4 806 589 583 822 262 637 415 925 286 832 916 772 200 75 488 752 741 53 435 319 370 20 439 608 268 475 260 823 669 325 765 332 673 211 769 689 911 672 535 245 927 710 759 454 340 450 284 435 992 61 915 836 705
745 460 87 97 197 669 288 1 338 527 317 773 483 149 431 522 478 518 622 874 668 782 870 58 314 151 919 723 999 480 944 780 838 229 237 357 443 240 977 361 732 221 136 216 429 656 593 106 194 228 247 286 529 218 450 831 977 431 132 151 289 724 803 383 800 654 687 150 820 913 732 407 889 980 446 897 134 435 551 226 969 549 301 876 176 760 229 214 503 715 389 917 934 766 640 844 987 347 946 896
335 630 388 278 687 671 227 198 825 219 977 134 225 145 992 647 399 543 454 374 922 743 517 550 19 185 371 839 123 370 848 951 226 727 401 318 806 864 937 122 770 100 592 903 827 155 812 695 982 778 775 358 574 152 418 708 376 767 470 308 503 568 228 346 668 770 958 660 385 960 421 508 137 102 749 799 149 541 142 176 504 218 172 669 401 163 122 658 975 484 723 305 201 967 115 96 429 323 856 9
858 739 577 935 964 629 518 917 438 777 886 915 133 90 843 829 253 505 936 190 308 192 418 749 328 606 102 415 653 115 667 852 100 627 499 693 238 110 648 921 92 866 675 117 491 140 838 603 629 92 577 880 525 942 256 623 555 417 819 784 492 823 670 885 855 844 280 101 667 94 697 212 799 928 565 266 106 862 282 829 129 10 725 774 534 465 48 239 551 831 186 620 758 5 423 253 68 483 291 979
281 257 488 323 257 136 712 833 722 603 475 816 940 396 737 398 746 884 951 162 849 852 922 346 349 598 115 732 295 382 499 116 61 599 209 30 199 603 748 307 696 517 587 574 278 417 223 284 820 516 31 822 926 966 49 90 310 443 567 322 334 653 415 697 807 11 842 937 226 457 121 375 191 994 503 737 344 214 277 116 761 687 235 897 682 285 674 235 340 670 631 563 283 722 911 432 862 18 275 48
28 163 671 706 760 595 470 615 552 772 148 145 963 741 515 588 265 269 874 65 347 630 312 749 806 450 885 44 656 575 622 237 742 321 433 306 70 652 746 723 639 686 973 869 538 369 951 967 501 269 314 406 907 371 547 466 739 940 117 309 118 994 890 937 512 953 213 961 222 299 784 148 381 956 808 810 871 218 679 208 628 980 223 0 139 813 222 288 590 972 835 58 987 490 215 34 441 16 76 749
129 917 394 324 766 526 3 949 99 492 648 225 613 177 312 853 906 4 307 618 767 476 41 58 264 787 118 457 497 562 71 279 993 800 975 71 346 211 736 801 355 531 946 1 388 736 355 934 708 230 875 924 90 360 364 295 149 544 286 795 287 71 343 238 727 542 355 240 966 854 494 280 612 483 177 742 457 318 425 325 819 673 269 123 32 977 967 159 952 562 371 80 323 18 87 101 841 94 704 136
105 782 184 627 910 990 605 867 21 198 550 255 239 303 654 57 616 549 258 89 753 647 187 849 63 387 580 161 511 398 492 4 85 962 54 472 129 384 368 501 323 67 787 875 221 855 6 799 358 411 327 277 878 394 605 484 458 506 509 271 642 842 154 776 193 756 357 985 964 818 495 132 581 565 192 235 169 428 638 282 869 122 749 385 527 272 916 948 580 597 93 280 724 282 272 934 812 65 779 382
916 569 995 372 465 588 120 563 285 9 261 543 803 305 982 843 13 151 204 700 830 333 98 641 169 684 740 342 480 629 987 753 956 697 21 578 12 864 883 253 338 867 237 652 160 456 768 84 540 344 817 931 771 111 255 252 890 221 703 198 36 845 94 475 577 480 155 965 49 971 54 87 644 304 97 353 628 544 772 371 342 356 203 149 994 643 752 94 495 240 319 856 679 991 795 871 296 492 508 881
474 479 48 791 468 533 618 684 817 43 798 482 151 981 870 56 610 878 639 935 589 373 519 243 343 38 764 844 227 802 11 819 422 328 802 887 431 450 314 466 383 918 90 122 939 5 388 876 941 700 937 373 625 201 372 700 170 861 846 41 353 400 924 412 741 606 664 508 479 273 420 783 646 482 968 765 451 531 374 969 431 575 275 577 919 861 40 155 738 518 962 31 542 601 229 418 208 255 932 509
303 581 517 149 31 849 841 577 168 491 51 114 857 517 538 494 675 929 63 597 520 599 854 141 189 375 154 608 126 450 875 839 880 875 32 704 708 789 435 850 985 406 10 487 447 911 494 69 798 210 55 779 220 353 884 524 388 722 656 851 359 768 590 47 315 481 230 446 336 779 464 627 614 575 566 58 574 370 753 492 422 14 189 699 773 712 442 460 704 512 497 840 355 1 559 466 402 510 223 899
558 10 644 791 113 27 302 594 708 352 858 433 279 266 666 315 601 655 769 174 335 840 991 968 855 441 121 349 412 75 652 507 682 742 575 523 119 700 290 275 313 433 857 299 327 724 465 479 24 914 856 194 43 309 397 637 253 86 565 379 457 273 810 678 487 151 166 154 892 818 660 585 222 193 83 980 78 861 495 976 440 940 252 156 135 875 62 962 216 979 746 677 226 880 156 655 998 216 245 908
506 675 871 48 595 568 338 404 333 322 600 970 156 370 911 1 514 621 19 543 52 733 643 158 329 892 784 673 633 878 892 511 612 859 215 143 208 444 750 204 189 140 280 493 56 712 170 85 339 521 996 981 581 336 765 645 504 129 320 499 779 698 674 347 674 19 815 436 627 891 242 616 415 38 402 79 852 298 509 723 240 937 17 376 977 213 854 244 747 611 851 505 264 489 94 489 619 795 594 418
226 968 481 395 228 699 257 12 156 309 29 904 97 171 753 428 17 179 454 330 849 27 312 19 667 332 677 903 969 642 685 633 86 296 206 781 306 175 682 600 489 598 254 656 275 779 829 196 31 131 634 186 918 606 968 954 297 378 602 729 310 764 38 669 81 330 343 13 415 573 893 108 965 506 763 996 452 903 439 401 679 514 547 942 340 819 134 800 534 632 604 185 176 500 275 984 236 176 473 141
108 229 90 795 234 721 247 488 407 427 527 79 731 509 982 99 562 735 653 114 685 475 719 683 187 587 336 567 166 758 736 904 51 327 695 25 65 902 946 694 792 393 295 274 411 36 678 255 383 59 449 772 528 505 412 455 140 724 925 104 923 157 932 130 925 291 296 107 378 859 52 357 896 723 476 167 118 713 647 856 821 777 345 665 657 385 205 347 39 610 37 995 568 912 734 838 275 206 402 958
308 821 5 182 519 632 41 747 984 58 698 780 84 232 542 379 153 762 963 988 41 582 738 822 52 729 141 415 470 284 764 357 626 63 5 965 904 594 302 151 567 744 283 207 466 616 789 472 954 339 604 661 438 201 243 750 913 981 607 170 135 937 811 58 303 781 796 602 619 141 266 96 954 938 403 603 402 699 478 363 895 962 319 61 861 94 335 13 462 138 954 338 572 244 39 400 746 983 82 398
532 188 550 374 632 178 236 732 910 703 993 510 983 279 92 507 630 581 19 300 70 984 130 685 130 502 302 603 965 972 523 713 658 952 544 452 984 224 521 681 337 811 844 256 269 356 904 311 618 788 350 618 833 461 456 802 469 872 26 563 94 807 968 403 163 411 568 278 186 424 394 195 590 789 117 580 29 449 953 629 871 366 79 397 678 387 775 936 536 584 202 818 417 542 548 836 41 847 409 558
627 17 772 529 900 898 902 423 418 12 381 384 332 18 210 214 99 384 913 211 827 341 523 36 630 165 447 135 241 410 592 819 571 75 548 359 773 267 410 654 433 930 40 566 970 588 512 919 576 81 542 83 461 174 291 531 408 870 485 828 955 306 803 909 172 886 605 597 569 620 455 50 41 970 134 378 405 122 390 55 784 404 888 861 31 290 151 676 63 341 208 650 671 993 349 892 674 976 995 31
634 637 351 874 689 88 506 403 380 654 467 729 456 431 445 842 270 121 947 79 444 278 55 301 401 609 377 273 948 847 524 24 769 394 135 832 704 246 768 281 799 426 524 573 609 915 921 737 6 676 410 12 262 94 407 110 487 534 198 621 328 665 688 257 277 603 243 536 791 976 654 67 305 3 195 879 17 699 446 980 203 264 836 498 365 961 862 914 334 613 264 352 726 604 701 586 70 360 307 62
274 252 486 343 125 222 903 145 261 943 788 154 630 13 572 553 367 407 857 452 890 531 575 369 163 465 91 569 792 531 101 862 254 118 465 77 325 784 14 757 375 550 230 939 445 36 196 126 592 332 471 980 708 748 113 343 935 289 874 10 380 721 454 75 93 678 534 234 768 167 397 11 374 715 398 439 107 409 579 853 554 884 923 792 655 222 254 53 780 590 349 339 379 662 226 185 783 82 152 448
957 567 876 449 556 54 265 69 502 716 555 594 723 300 936 320 89 306 731 859 368 900 641 78 888 398 803 331 411 963 641 373 196 288 396 125 748 401 98 587 12 398 802 178 996 999 867 799 600 408 810 430 281 17 173 5 708 56 729 861 530 158 357 859 791 267 342 581 17 643 4 192 819 313 624 764 925 527 156 463 20 938 193 954 63 732 493 995 241 181 687 548 73 581 284 559 478 497 613 218
476 527 380 741 200 743 476 114 83 720 25 877 673 990 102 261 840 996 720 965 572 32 25 292 85 2 852 780 594 106 316 519 499 199 895 60 310 970 556 397 762 240 174 953 267 401 879 361 553 736 196 330 205 849 84 161 568 42 144 522 339 607 630 367 318 568 477 555 166 268 995 758 78 85 869 75 812 700 519 61 149 826 83 877 473 814 443 926 801 317 511 655 668 142 173 64 178 549 182 838
444 625 851 868 978 958 829 401 714 968 669 438 759 889 976 305 203 400 523 149 29 170 113 327 143 388 100 132 438 823 472 726 329 811 734 485 332 429 89 566 424 734 613 106 71 912 401 787 288 335 250 576 856 953 698 254 725 147 16 116 825 16 144 332 304 93 602 987 236 142 757 951 597 647 654 627 844 602 196 749 671 472 316 653 517 111 388 395 969 736 135 110 404 473 45 446 783 373 196 608
98 565 124 805 615 941 875 30 5 929 977 585 845 902 108 432 666 286 244 840 714 841 591 587 483 760 294 946 138 123 485 797 375 465 895 480 799 360 39 100 261 499 486 679 379 350 76 789 861 457 10 198 564 949 351 165 297 755 119 636 425 66 826 987 56 952 786 687 370 366 224 606 690 723 442 349 359 224 564 607 871 703 989 847 918 303 384 539 641 860 143 53 29 247 537 5 988 468 700 909
852 390 697 838 148 284 99 105 156 225 346 900 856 866 568 367 277 677 488 895 415 717 828 381 243 798 82 912 198 799 170 552 393 917 242 948 964 779 898 515 783 922 350 754 582 49 440 511 940 51 764 939 214 434 254 877 768 758 995 315 522 581 574 635 910 785 363 344 141 429 261 314 912 743 784 284 123 573 57 231 721 733 915 247 602 624 941 635 838 841 252 417 748 214 280 356 298 671 819 67
556 194 604 822 547 637 412 937 838 125 945 535 332 374 472 945 486 950 538 708 506 404 465 865 16 105 333 921 386 197 210 961 550 201 94 277 822 272 194 54 218 241 259 701 912 885 641 149 804 558 916 187 695 587 368 155 416 635 707 972 54 842 916 230 624 548 43 944 293 151 980 159 697 896 266 875 980 416 370 445 934 182 387 478 717 519 749 554 48 72 1000 552 147 446 507 114 847 130 331 778
581 512 796 804 336 555 381 101 174 370 815 114 789 282 925 71 107 821 338 171 477 128 21 510 25 864 377 979 626 552 4 907 156 272 824 849 153 61 670 415 257 47 398 712 328 920 825 215 384 424 98 562 240 149 427 627 143 342 552 714 235 564 153 601 744 773 857 528 196 362 822 450 361 369 506 254 687 384 832 760 665 307 236 967 117 311 784 183 434 534 91 843 691 484 703 650 482 481 11 773
970 132 436 27 250 90 490 786 152 239 838 111 612 507 832 431 577 793 815 921 259 426 555 916 981 471 429 888 123 499 994 358 50 113 141 358 978 665 355 490 910 148 172 953 370 585 133 426 153 172 709 1000 904 164 71 265 960 3 960 106 602 596 325 829 870 414 682 570 687 144 650 327 380 239 454 784 852 566 124 728 303 215 366 786 188 935 938 254 11 127 711 661 202 416 504 107 770 837 441 324
79 828 430 52 42 9 964 583 42 279 276 338 645 637 754 881 708 954 193 723 108 663 232 857 973 747 522 330 904 116 598 348 933 711 569 710 432 300 171 659 151 842 32 752 385 946 15 860 778 37 614 520 981 710 641 792 758 145 185 389 411 33 638 419 234 465 703 367 656 970 992 41 699 544 740 498 696 637 47 836 981 911 903 928 156 541 826 613 659 640 488 319 515 528 460 411 962 738 271 209
89 382 592 156 584 504 537 969 283 355 702 606 328 484 515 82 393 729 54 142 80 72 225 991 893 698 31 391 605 180 930 0 679 757 565 743 395 171 504 228 985 359 372 837 985 330 374 167 738 481 635 92 945 260 881 599 524 940 523 459 864 564 297 69 265 657 876 887 940 250 313 532 852 743 901 67 712 392 228 689 734 844 43 239 515 144 729 779 456 563 755 866 26 930 343 799 673 484 214 563
921 873 768 968 399 128 466 136 398 608 921 925 93 881 579 738 475 968 454 824 807 689 889 468 917 708 889 686 24 563 546 672 508 635 942 332 977 221 234 354 638 353 166 997 979 788 995 737 435 735 682 770 399 658 608 658 273 115 525 912 128 331 76 442 40 762 226 416 94 145 158 233 421 392 534 478 152 650 505 657 491 289 380 247 554 585 819 615 893 187 551 846 301 98 308 970 711 166 88 189
879 99 652 325 240 510 1000 15 85 193 90 972 786 33 772 108 569 720 853 891 459 743 294 452 119 627 707 54 315 990 341 304 27 113 747 204 785 792 22 112 175 779 887 255 30 247 815 719 675 643 372 527 683 750 913 116 607 592 140 527 504 90 578 389 518 740 971 879 580 511 974 603 351 699 744 40 105 475 326 329 306 151 919 216 52 846 601 608 976 616 717 527 33 128 439 858 576 942 548 581
682 43 632 604 356 784 79 693 991 435 604 798 849 482 722 910 203 494 952 756 314 49 304 741 900 561 721 5 634 513 88 744 87 623 637 536 806 550 63 424 263 715 700 635 692 626 518 553 906 151 570 663 318 86 686 159 12 945 633 953 319 697 922 979 957 592 238 100 131 972 554 237 63 36 492 546 149 533 24 805 659 212 393 243 653 73 170 514 905 693 132 339 735 427 829 934 647 25 626 539
230 2 288 15 935 407 170 907 919 210 342 877 128 39 409 289 189 799 50 194 523 48 934 538 939 672 193 599 707 616 481 535 930 133 835 374 899 591 458 670 859 142 13 824 138 631 769 950 954 4 604 508 823 213 945 303 716 237 449 123 314 711 122 394 765 481 825 184 404 857 896 863 964 713 880 339 363 538 419 695 503 402 450 484 818 465 88 17 15 529 772 945 950 492 205 257 137 264 702 270
92 394 473 175 692 955 943 649 833 213 129 494 220 949 639 771 475 575 57 627 522 659 826 984 957 498 10 304 871 113 163 408 456 391 84 682 520 58 848 385 320 200 374 909 448 223 246 929 354 356 726 544 881 624 73 278 3 37 942 985 57 28 574 700 677 664 840 632 549 75 124 323 420 127 894 707 267 415 786 974 775 610 6 226 266 562 365 44 774 322 654 762 344 230 956 137 419 750 197 543
393 93 541 368 293 653 823 739 86 722 882 421 417 345 904 939 454 875 803 109 984 931 696 517 89 904 456 89 111 937 963 579 32 443 727 606 17 506 593 938 517 459 751 929 193 374 806 705 410 395 285 184 107 28 742 47 539 186 317 761 564 395 501 687 542 521 298 587 14 783 517 227 659 103 716 294 218 970 752 566 397 467 322 923 653 635 480 369 836 920 109 952 85 902 552 72 514 411 276 542
423 5 703 574 52 18 298 903 493 74 549 159 361 949 213 553 452 787 180 806 883 343 780 861 315 497 949 754 455 922 241 653 939 837 716 643 51 421 108 227 37 636 771 375 103 319 221 562 570 67 572 120 824 90 718 813 170 182 100 266 164 786 337 884 430 175 368 147 771 894 402 775 701 730 322 497 153 667 391 957 229 335 827 195 519 347 645 781 579 129 702 938 178 364 982 416 426 270 78 317
545 517 418 396 965 961 789 181 148 534 287 230 525 124 600 378 190 924 989 533 881 353 100 765 654 430 137 154 210 305 678 617 28 306 469 181 442 882 830 926 742 861 935 397 124 637 247 372 514 597 369 738 776 444 126 161 932 146 56 401 28 548 544 508 895 270 651 823 733 691 807 914 327 742 196 892 478 16 281 98 804 784 364 3 552 5 993 556 298 515 279 283 357 197 507 675 398 872 788 383
837 26 839 573 535 560 513 369 773 975 55 800 649 367 136 921 940 150 85 378 678 247 406 655 208 158 767 462 156 699 128 305 69 197 493 982 230 253 787 519 537 876 530 258 28 456 655 618 863 846 845 445 366 421 516 829 735 541 257 704 785 238 283 84 294 487 267 677 979 492 760 555 18 377 60 100 51 88 453 673 545 609 283 129 772 585 714 399 707 293 363 688 877 531 680 995 547 799 913 220
76 77 38 117 321 489 327 8 290 482 679 563 993 0 830 992 314 938 464 987 389 779 721 710 286 987 0 251 757 861 503 107 853 484 897 849 942 75 88 762 579 297 25 635 691 445 775 305 390 465 918 567 321 866 313 134 980 656 978 566 227 232 783 788 921 139 251 696 151 856 548 344 535 230 853 457 536 681 746 570 336 344 725 225 144 413 557 899 542 768 147 822 146 979 234 280 369 313 584 712
796 49 347 455 818 213 939 653 431 22 818 932 248 980 842 812 525 348 742 125 739 439 390 406 609 458 935 963 222 962 717 816 198 175 798 841 14 236 661 359 681 234 723 353 411 828 203 465 949 376 715 339 219 825 392 919 665 569 120 720 918 914 526 222 119 341 826 656 620 870 896 578 277 228 366 770 107 297 453 771 316 805 853 319 475 876 268 664 587 346 728 232 757 717 596 992 108 602 720 961
624 379 471 541 222 754 986 232 383 682 908 697 608 196 257 158 171 94 137 584 747 421 590 332 814 931 561 259 339 865 458 309 666 796 340 268 25 74 840 9 3 22 150 229 435 820 951 809 567 741 319 635 270 966 561 510 926 451 566 978 272 808 484 847 181 449 148 8 168 846 174 873 830 984 481 976 700 267 771 707 818 718 886 360 910 99 327 887 365 633 273 133 656 481 701 518 297 639 190 802
388 126 57 335 913 939 592 218 630 348 552 393 808 137 636 632 927 787 219 370 808 475 456 487 776 379 122 97 936 401 881 409 472 365 480 499 200 468 321 409 991 202 291 149 350 926 953 346 860 243 650 239 905 365 709 876 870 94 367 245 292 890 106 377 639 521 325 431 919 377 498 470 703 783 843 580 654 483 706 120 535 958 823 612 663 141 162 487 822 369 950 390 820 258 940 239 897 976 133 826
64 933 332 163 755 510 765 43 404 258 165 771 991 293 132 172 597 947 680 252 665 569 532 437 87 837 206 400 30 554 484 368 911 826 162 472 235 821 174 100 974 21 771 286 26 694 668 626 665 56 53 246 597 548 842 77 380 719 690 673 917 826 877 810 317 393 460 986 133 186 560 255 286 37 323 389 850 320 233 652 547 472 618 67 90 282 241 734 637 926 204 780 11 587 278 233 978 233 15 829
264 337 38 489 584 441 424 720 687 885 78 650 414 780 289 69 24 291 873 462 891 746 793 674 702 160 233 197 487 427 31 239 978 886 238 512 601 181 758 104 302 780 394 191 426 380 627 40 536 213 446 573 54 347 556 352 393 638 346 83 178 173 487 566 148 382 108 582 875 71 919 597 324 177 942 413 604 829 847 663 870 21 481 330 752 832 741 17 779 208 951 904 918 392 36 578 638 12 239 172
246 30 58 401 176 528 469 348 439 357 196 354 339 631 905 44 632 545 724 979 89 51 325 824 926 343 818 402 823 862 396 518 577 973 399 907 44 709 182 82 487 38 889 409 635 36 298 547 397 408 102 556 79 484 877 314 642 571 69 190 257 382 239 483 677 967 803 887 130 806 449 415 367 323 979 74 65 157 725 278 990 142 32 36 754 658 869 631 387 239 109 271 182 44 404 961 591 876 802 743
566 437 850 133 193 700 692 25 71 64 460 741 891 355 394 323 217 662 101 221 468 178 918 835 176 812 148 280 651 263 553 607 914 668 620 166 579 488 414 374 230 203 207 215 271 286 585 706 733 440 82 397 903 77 975 263 790 562 904 666 254 495 314 236 169 612 64 814 529 894 282 308 120 92 678 740 330 728 517 180 194 154 56 774 229 254 421 515 251 259 160 944 871 608 845 334 444 833 194 468
517 984 737 577 922 158 976 38 473 747 626 969 211 673 832 126 609 184 75 924 472 768 496 544 801 951 336 269 980 463 260 957 524 689 438 607 653 670 336 744 309 54 942 33 440 604 566 92 320 515 381 761 350 480 383 888 509 33 880 123 848 570 514 141 510 342 559 225 434 48 519 547 484 798 619 197 770 980 780 371 946 2 315 425 357 447 383 308 954 921 81 249 833 1000 729 214 835 390 95 873
252 101 481 704 401 286 535 782 746 856 651 225 864 934 887 16 827 87 740 739 519 450 126 517 839 711 218 415 491 803 657 799 119 879 932 739 637 924 514 856 597 546 19 356 785 457 471 455 398 876 316 367 606 389 918 23 443 406 266 62 277 650 208 44 141 313 167 463 318 588 616 6 122 426 65 403 432 515 524 477 741 918 607 869 113 562 567 911 231 287 489 581 427 87 172 410 451 301 966 529
948 224 619 140 690 516 883 21 365 161 787 846 368 833 202 762 796 486 346 704 347 808 40 937 242 513 697 464 108 633 819 662 338 493 47 763 428 126 80 911 853 988 793 6 292 257 174 392 149 651 119 798 255 371 669 267 389 820 114 282 549 224 356 34 493 434 306 64 768 841 719 478 945 212 635 279 649 947 423 375 532 706 583 410 501 418 763 997 685 123 940 855 589 15 405 548 810 684 271 94
783 926 768 711 191 974 714 616 196 929 672 857 957 118 759 278 103 986 395 295 487 7 733 740 911 412 819 348 191 984 391 237 674 482 582 746 606 945 458 347 996 958 736 771 26 957 814 995 412 406 817 28 208 416 890 950 850 275 190 618 494 17 443 176 610 902 150 427 481 277 253 381 127 449 575 670 338 940 315 25 301 683 383 918 654 772 668 362 258 990 376 920 539 381 231 162 710 907 458 103
591 11 551 238 383 546 727 623 237 667 778 995 224 546 156 111 692 55 2 136 768 783 351 544 146 560 26 617 82 840 463 36 730 356 576 71 921 158 421 478 445 344 508 948 382 408 334 566 11 944 771 706 118 943 878 817 469 109 283 716 852 120 632 815 565 273 234 685 554 943 548 809 180 170 223 34 737 399 252 453 360 1000 845 98 491 307 892 959 684 952 611 709 320 429 499 134 30 101 660 299
345 583 215 884 989 957 999 956 910 512 236 92 701 760 452 764 312 640 867 573 537 599 554 291 641 757 922 993 354 478 307 560 905 800 119 44 184 667 723 727 473 76 345 207 7 564 396 97 123 201 266 774 800 521 201 782 953 314 677 150 411 517 266 804 511 686 541 727 716 719 942 693 742 953 695 756 680 758 202 625 312 60 515 402 715 757 428 596 561 339 201 176 610 621 372 675 42 129 16 615
831 204 279 229 170 891 243 364 839 843 266 594 151 298 831 427 907 183 777 206 20 731 385 216 654 589 391 828 173 72 808 573 855 491 154 732 774 993 762 887 561 96 679 894 156 271 196 800 30 749 408 607 521 415 28 839 395 204 217 763 405 76 440 59 114 58 302 523 412 347 209 234 613 319 615 529 567 93 566 597 157 670 137 593 952 749 843 988 253 706 242 991 777 762 461 670 374 348 948 625
840 500 95 875 686 780 46 567 237 636 658 298 88 558 143 601 743 83 768 772 397 232 395 589 408 193 510 473 836 80 16 611 441 741 52 598 949 605 712 18 301 861 433 883 901 289 307 693 506 572 820 350 474 704 671 313 575 161 130 603 454 138 676 469 197 75 650 102 575 804 288 555 656 931 366 868 719 387 989 531 566 326 378 495 297 960 902 725 457 36 457 501 864 733 875 675 545 285 621 152
951 255 818 731 630 433 865 720 88 291 589 482 697 797 280 442 906 692 931 549 273 988 866 954 518 526 148 640 555 175 878 578 797 776 840 87 235 24 849 964 187 759 452 474 942 315 634 875 55 141 188 820 733 256 945 231 587 510 527 216 301 903 433 366 172 817 272 525 302 994 559 953 632 543 964 526 549 406 272 229 539 676 634 908 977 683 125 864 321 92 261 532 968 725 84 459 223 155 377 107
715 369 446 138 29 905 716 992 733 343 616 427 651 884 84 379 261 216 769 325 195 688 852 246 862 637 504 668 466 851 820 771 772 186 859 573 847 487 818 230 154 932 75 591 751 837 593 610 417 698 201 681 130 815 911 126 482 439 631 725 492 453 184 286 23 938 458 938 539 71 391 674 867 752 16 708 437 691 540 780 456 179 340 639 94 385 151 905 96 453 14 699 108 933 412 904 88 258 499 957
850 549 933 609 130 792 96 232 980 694 408 511 401 516 161 873 290 128 529 669 621 422 698 992 971 718 163 875 490 956 933 806 547 82 934 65 10 612 566 547 262 394 875 721 49 946 700 927 685 578 291 76 857 580 697 438 77 351 76 761 733 979 738 920 252 189 955 686 594 633 355 86 150 118 182 483 799 188 117 855 418 207 802 723 843 552 789 135 196 497 28 217 252 810 712 869 67 710 851 618
403 317 479 652 19 857 853 279 272 357 142 178 217 622 251 322 83 808 973 904 81 262 213 968 824 131 637 918 767 918 404 275 468 226 670 350 870 339 361 654 633 704 427 30 871 776 657 536 23 923 964 218 86 442 933 523 502 222 736 907 138 48 478 792 613 437 124 940 847 919 808 567 875 16 171 841 811 333 227 377 250 656 759 309 479 250 502 119 429 960 797 809 37 859 765 507 281 130 465 740
710 679 112 95 660 9 89 504 812 392 742 786 415 118 178 431 800 554 566 927 351 624 677 559 112 454 197 491 23 195 842 367 739 388 46 7 236 358 974 859 367 724 204 279 848 451 462 394 944 934 228 373 157 281 151 539 560 116 611 498 194 271 771 384 190 966 339 953 182 110 259 405 154 422 162 699 245 542 382 424 845 835 192 506 728 796 913 268 642 287 311 879 216 269 224 742 617 116 367 837
753 999 24 913 840 18 605 41 474 425 788 426 295 420 584 711 250 365 403 731 967 271 633 515 486 726 301 530 896 97 624 376 487 831 294 217 850 893 110 989 551 502 604 519 854 498 641 325 548 127 134 911 704 341 701 911 80 824 180 880 230 273 105 737 193 577 996 5 553 839 162 489 204 955 192 539 877 214 662 758 84 463 398 202 77 521 929 25 755 90 646 163 810 206 758 503 457 905 617 719
958 430 531 413 317 289 730 129 523 104 129 942 135 560 983 818 178 278 663 728 698 337 830 168 205 295 958 409 633 654 939 241 15 120 9 915 0 489 617 550 42 517 614 285 616 682 368 927 503 531 503 249 848 136 901 514 977 189 571 378 906 317 947 667 462 691 311 464 181 422 123 354 167 89 330 668 185 116 772 870 661 35 154 449 519 261 710 472 573 415 678 401 922 622 689 426 883 309 99 528
889 85 420 788 768 735 885 811 196 884 493 917 643 284 939 289 898 524 323 644 920 294 952 493 790 124 78 330 233 135 523 182 156 126 29 845 866 264 754 396 351 191 374 257 310 359 186 525 649 268 224 789 189 115 384 327 512 11 509 532 41 429 144 54 912 478 799 353 407 367 856 924 583 734 19 400 747 579 317 662 60 938 893 928 507 220 676 724 42 317 976 296 593 249 158 168 143 735 71 828
21 632 759 505 802 277 870 424 346 696 539 435 537 58 142 314 339 166 840 269 947 792 247 996 491 822 848 219 288 132 556 345 734 906 739 830 988 155 452 811 988 496 605 317 772 502 915 98 364 653 643 99 827 703 311 397 282 431 568 210 657 364 858 929 497 10 331 729 6 758 694 124 464 490 678 959 797 940 437 450 571 65 466 579 43 756 567 699 755 663 833 441 78 591 649 44 532 81 666 204
234 541 127 34 394 165 699 864 115 284 75 365 585 698 247 525 990 714 588 846 755 174 511 707 576 663 934 151 937 357 358 732 584 566 209 809 787 701 172 858 237 459 543 663 162 527 153 801 802 288 188 469 924 124 613 921 512 744 127 496 356 141 573 601 509 945 233 459 847 262 771 10 72 383 50 319 236 46 779 214 448 906 126 543 181 132 944 885 832 705 0 828 351 262 259 810 491 121 995 731
651 125 177 130 24 153 642 541 237 789 488 173 913 249 640 912 111 657 656 155 914 845 806 812 632 419 797 997 85 755 774 991 161 5 785 711 732 805 400 349 469 17 946 330 724 688 645 436 40 142 219 147 930 207 502 901 274 331 340 478 342 672 571 485 486 833 459 603 179 195 457 181 290 471 648 775 745 269 585 964 242 825 576 565 258 327 570 364 571 382 424 255 682 184 957 267 861 185 992 60
309 13 259 177 483 116 120 807 2 354 958 438 208 207 419 64 798 790 211 20 197 383 36 329 608 240 468 584 503 719 337 271 647 751 318 784 769 893 471 804 153 32 800 50 520 364 48 705 323 901 59 798 352 816 806 684 653 338 868 752 246 317 603 601 905 579 846 501 245 305 710 293 688 275 848 176 9 294 252 867 912 201 594 158 957 984 418 914 922 499 478 908 287 255 730 434 193 472 178 503
303 90 344 567 621 799 961 486 681 722 468 885 943 828 440 751 715 640 295 727 117 925 696 624 488 64 889 140 43 648 539 141 921 328 795 52 683 638 607 994 300 91 370 981 847 431 166 65 244 494 208 926 744 329 261 986 18 38 460 562 707 631 140 270 197 810 280 984 837 529 235 993 756 481 248 463 152 704 1 399 844 320 614 363 448 103 944 958 619 756 179 676 595 605 997 451 431 213 489 446
862 692 384 450 529 99 357 985 940 467 776 352 772 137 754 688 439 323 761 124 216 689 453 896 307 830 15 40 198 153 654 352 689 182 385 668 413 911 233 618 454 53 467 653 499 79 193 577 418 38 360 699 776 136 257 283 402 524 317 167 977 134 656 918 980 884 104 263 42 859 886 676 62 562 42 962 149 580 647 249 934 332 574 389 882 104 752 95 671 915 311 140 76 113 120 316 65 138 278 109
181 999 636 182 186 337 982 541 439 840 240 671 980 973 898 141 106 37 891 500 799 680 379 502 816 303 426 767 828 569 506 347 998 431 243 878 755 148 938 612 444 396 543 512 110 53 594 892 322 348 555 57 123 843 632 823 613 894 893 548 623 437 909 604 710 471 592 567 396 79 339 941 936 737 311 817 876 245 273 361 344 492 939 225 705 394 93 146 13 678 146 222 914 988 139 354 437 851 263 896
459 636 854 360 454 563 797 618 694 180 160 374 141 672 912 486 426 889 827 552 26 384 502 870 428 255 605 722 523 212 162 127 839 36 747 737 427 692 218 291 508 519 777 782 689 423 97 715 923 389 345 681 998 461 969 372 81 517 175 495 810 908 693 624 185 797 175 195 249 701 267 847 872 389 304 203 905 183 773 719 959 836 927 233 737 90 537 17 197 927 661 658 610 272 454 180 532 714 208 708
647 219 760 417 533 578 816 836 161 220 552 12 145 861 709 644 385 584 344 149 109 180 87 232 821 608 355 462 908 95 263 378 912 99 415 309 570 331 670 937 980 163 146 216 417 479 749 969 327 454 255 65 232 118 943 601 472 132 220 278 838 212 957 674 276 159 782 92 739 223 666 443 955 35 111 101 405 988 789 642 843 975 836 657 100 981 708 561 31 43 980 892 69 846 583 327 851 500 812 165
684 533 159 25 43 128 762 543 774 973 994 676 775 863 712 199 48 526 46 682 935 347 279 1 477 831 99 631 309 256 59 751 874 783 4 67 76 134 845 39 862 465 918 569 445 273 763 760 240 259 279 938 704 977 825 235 207 81 372 429 462 512 605 225 508 788 219 224 8 989 66 7 887 31 461 520 321 959 740 433 716 449 205 113 218 179 61 770 915 992 273 578 857 808 591 564 436 85 884 969
25 34 997 93 163 246 272 333 855 944 723 495 340 253 972 88 790 968 360 74 470 245 992 315 214 688 805 713 743 277 495 897 446 652 591 876 549 653 458 551 482 287 162 239 222 17 79 370 343 317 322 480 384 147 654 186 353 948 249 797 512 650 898 627 732 393 322 35 317 776 728 152 913 449 840 505 579 228 643 639 618 491 111 173 845 835 917 965 773 724 759 947 385 500 39 133 353 644 248 90
631 328 12 666 768 275 478 575 214 544 270 409 986 360 531 404 566 473 868 570 903 588 538 785 562 124 454 696 698 235 63 978 281 94 434 122 802 596 512 989 684 571 30 538 186 361 116 734 837 626 71 455 921 807 16 342 788 428 972 667 314 159 952 355 296 50 164 149 965 127 195 68 733 959 0 723 76 674 806 11 624 605 389 255 553 927 582 953 555 717 516 406 750 912 962 605 96 973 297 958
480 671 977 204 78 593 530 96 552 307 852 228 786 530 833 700 749 531 936 478 765 433 978 253 98 347 509 763 297 382 486 627 456 503 459 992 51 184 876 804 584 555 165 357 579 68 259 310 912 234 409 591 677 479 432 368 983 286 574 939 161 943 861 463 915 831 364 992 202 170 655 834 154 117 485 529 318 142 395 392 713 110 777 313 858 746 621 264 394 931 952 352 667 181 536 612 561 443 479 798
781 25 890 793 286 375 719 967 555 977 77 314 954 502 72 134 404 882 317 240 483 760 138 830 253 341 424 491 436 117 418 862 494 363 956 309 358 263 585 209 953 392 797 510 378 635 672 985 694 350 465 597 594 519 152 945 866 51 344 891 20 469 84 545 994 728 950 491 453 565 971 304 386 624 725 906 753 984 945 568 969 681 121 484 769 107 274 932 27 0 841 403 432 165 721 617 461 720 749 79
937 96 139 745 126 656 103 176 143 158 551 720 524 548 861 92 436 872 280 165 729 972 232 234 64 354 436 539 690 30 647 570 994 214 415 287 970 346 961 632 680 478 925 952 799 265 618 9 575 344 453 483 914 499 725 561 232 682 622 790 327 895 936 185 79 705 708 630 340 805 354 485 361 98 470 334 853 32 744 767 260 214 435 842 217 965 940 509 344 526 530 365 927 143 713 811 269 677 871 253
974 733 559 362 971 411 189 47 581 766 275 159 99 855 27 598 466 374 870 124 849 663 236 647 187 758 672 152 653 665 138 272 668 244 542 349 332 277 334 856 321 517 180 692 124 45 242 264 900 824 870 446 403 547 340 109 804 157 879 660 567 841 595 544 957 872 217 199 231 390 691 253 360 848 682 416 22 967 797 516 134 880 547 23 975 783 986 27 614 244 901 738 179 577 183 463 342 907 636 315
268 163 306 873 423 970 621 169 987 919 192 116 22 551 829 602 452 979 479 555 197 629 176 311 209 39 944 872 302 855 849 43 163 818 368 912 925 595 808 701 49 546 165 885 694 349 385 359 668 168 367 732 135 386 870 396 400 212 758 499 903 513 23 115 66 237 71 0 375 250 672 591 592 480 391 272 286 1 876 895 930 332 735 244 756 838 127 32 183 256 607 430 591 798 783 807 78 156 257 461
204 600 351 932 15 483 271 333 929 185 205 699 32 702 718 419 283 702 363 736 960 372 325 809 831 107 74 84 494 221 16 315 222 95 369 462 426 17 121 191 386 854 929 553 952 155 720 208 865 66 22 859 951 23 977 417 519 121 458 606 921 906 712 380 497 619 772 579 687 366 353 533 304 746 846 673 717 528 320 3 614 593 415 119 88 313 469 93 851 734 492 48 601 411 732 870 459 238 210 905
659 134 106 939 343 679 667 120 759 804 118 485 160 958 623 449 163 90 996 116 483 155 581 8 881 430 326 648 127 98 647 558 102 938 413 185 347 960 524 527 620 662 363 630 136 129 857 741 644 101 511 553 949 694 420 745 244 51 289 791 577 181 635 787 147 983 792 630 4 348 983 657 143 599 857 269 896 198 558 223 12 49 348 827 218 80 390 447 35 522 926 422 588 646 976 705 623 23 929 123
667 585 619 553 647 443 418 207 381 329 370 82 163 527 202 884 221 926 84 756 531 908 300 450 611 94 190 70 878 81 522 85 78 617 442 675 650 505 586 635 757 443 798 649 146 978 410 181 353 161 896 650 964 306 999 608 10 70 486 646 501 17 520 927 548 985 465 952 422 110 198 404 707 422 155 558 405 61 916 777 844 30 661 818 990 167 172 555 362 445 770 69 40 541 383 348 750 603 770 276
903 400 266 81 273 205 675 760 975 775 35 964 831 718 44 882 990 496 159 828 75 194 436 794 759 524 318 872 101 787 770 398 436 971 590 138 89 753 136 726 805 442 470 904 60 377 689 963 460 699 167 270 844 207 519 415 105 633 388 927 223 98 525 479 535 936 721 64 14 646 677 786 684 267 854 409 527 767 747 592 855 646 74 305 928 366 579 931 103 863 94 421 286 980 660 806 948 129 138 987
474 348 951 642 805 384 930 906 490 545 370 13 733 375 865 933 234 667 502 400 960 122 976 90 393 979 805 174 619 173 476 59 347 590 497 569 880 388 265 712 917 116 427 618 782 359 836 188 704 556 640 75 246 179 778 6 32 131 563 935 711 546 586 419 73 299 708 499 988 975 229 593 857 890 998 960 900 282 404 599 664 911 40 346 778 841 725 218 654 866 315 477 697 583 378 664 947 683 834 765
13 347 334 322 23 524 684 779 358 523 749 264 959 110 519 400 828 626 702 693 194 695 940 9 154 364 928 994 815 287 592 641 825 44 132 821 188 738 430 814 578 768 431 191 41 841 471 29 174 42 847 15 807 523 841 309 133 705 145 8 550 194 981 783 581 287 585 481 993 775 588 24 99 254 92 240 365 749 667 282 722 606 436 695 15 882 51 546 553 957 165 247 957 141 525 229 167 686 510 283
29 91 338 896 47 216 819 768 908 292 717 189 343 214 347 994 522 857 412 986 32 445 291 546 205 597 519 984 518 922 424 319 132 277 832 237 547 348 821 528 681 289 279 957 910 266 788 142 818 105 353 383 12 425 831 833 10 243 840 955 545 176 157 438 373 444 301 456 173 628 996 418 762 41 10 303 541 386 939 917 619 950 74 663 52 956 159 186 804 248 137 136 95 528 938 51 450 396 734 222
884 688 418 374 229 549 904 270 808 706 382 436 562 390 549 266 937 469 999 263 560 411 388 937 590 953 401 222 817 477 128 491 227 473 439 457 385 145 479 862 78 552 523 819 90 601 74 706 479 943 379 998 484 568 790 289 782 822 544 379 855 447 930 40 182 301 753 465 885 754 476 318 63 831 196 173 236 181 512 727 788 905 651 895 261 1000 365 968 643 624 585 752 406 952 50 762 200 118 545 949
320 415 926 755 641 128 96 78 751 507 373 288 648 459 442 121 12 429 117 626 222 334 13 463 462 486 838 470 945 395 234 306 538 518 708 49 955 196 158 798 33 835 502 365 944 278 161 131 204 324 959 263 709 938 71 875 714 251 94 760 470 523 820 888 726 602 353 17 506 770 312 810 416 270 81 362 788 374 786 626 263 943 459 727 471 824 516 21 477 297 573 872 115 94 987 434 543 481 486 602
350 89 355 845 956 588 549 719 70 706 881 879 64 63 943 552 453 869 269 411 622 363 524 29 960 205 809 185 637 403 44 597 813 129 851 397 943 811 590 968 365 627 739 644 590 234 663 171 294 261 485 672 202 196 193 40 473 255 989 27 272 372 584 517 332 598 712 513 697 891 970 390 750 718 849 732 1000 236 316 282 770 361 543 867 765 714 207 905 265 710 994 702 351 352 317 476 519 822 280 281
395 832 908 189 938 609 70 625 14 80 248 508 549 637 583 427 762 856 835 374 490 971 341 124 166 488 217 296 928 154 674 61 94 842 756 548 769 249 318 61 577 283 840 944 477 716 880 748 783 302 208 601 428 421 490 2 225 198 538 450 452 273 817 101 795 388 430 472 411 508 325 767 507 292 521 247 931 407 335 189 961 409 42 185 870 372 555 150 441 370 428 15 271 381 795 607 239 817 632 39
832 570 841 811 203 581 966 49 184 106 91 574 917 936 931 260 451 562 939 303 836 802 937 783 275 531 965 252 124 579 961 118 745 365 352 951 122 124 506 466 909 566 469 160 677 824 955 567 770 730 677 540 983 971 963 489 861 880 916 840 534 55 428 692 953 942 803 207 609 918 229 138 124 89 969 652 585 240 352 227 859 903 11 931 740 710 524 907 712 331 945 375 891 625 521 49 718 95 336 577
115 381 470 1 271 255 659 362 412 439 321 866 441 627 96 749 302 222 997 397 202 738 113 275 365 965 195 786 684 907 624 811 306 7 199 490 60 29 757 305 153 771 335 660 310 982 433 814 673 912 556 261 209 898 466 566 427 908 432 448 524 158 285 920 670 691 433 543 673 817 976 481 763 616 965 856 547 0 161 566 277 302 824 160 522 168 638 949 863 325 306 60 509 760 707 978 394 946 630 53
756 188 111 444 993 887 280 990 624 60 67 142 478 932 279 369 303 684 540 946 639 935 41 950 268 271 674 193 801 881 167 67 342 425 505 31 359 182 517 47 449 817 505 951 258 757 198 213 41 550 339 180 390 791 806 149 179 129 512 612 959 694 887 414 654 341 213 930 751 835 613 828 363 193 500 91 467 13 983 801 655 3 356 72 926 528 330 221 810 310 46 536 482 977 503 542 345 755 686 558
166 432 358 625 404 511 708 681 564 586 877 8 171 611 106 961 94 640 757 187 743 453 376 187 167 543 439 472 113 719 74 258 497 864 898 565 73 460 367 918 910 961 371 245 312 758 705 260 764 16 136 553 802 185 466 548 631 15 479 821 195 225 505 715 804 300 228 667 732 668 49 759 236 18 451 851 199 240 749 827 546 287 537 921 933 380 859 162 836 746 134 387 1 227 664 1000 725 145 40 326
210 864 95 802 310 261 234 642 981 377 925 889 695 898 280 231 247 146 908 3 536 827 374 811 725 510 518 299 1000 569 564 415 727 49 213 845 208 7 836 106 77 791 321 939 553 753 238 134 995 295 121 390 543 272 377 35 848 256 502 50 175 508 753 840 257 790 952 503 874 113 302 50 707 119 574 841 442 977 25 280 354 677 406 989 302 527 94 600 776 323 129 421 926 819 714 94 603 507 775 274
911 985 713 199 231 670 303 874 653 89 957 990 780 404 356 70 970 143 635 358 904 49 704 229 525 433 382 167 659 445 389 277 628 853 583 944 541 310 79 57 54 698 502 606 703 473 439 936 653 1 736 402 369 389 525 830 874 409 598 102 942 780 925 197 901 751 408 732 986 724 151 995 387 486 200 460 560 28 848 377 378 723 769 40 448 740 43 614 289 21 679 180 236 327 423 454 564 818 614 229
305 106 14 344 108 685 14 659 421 113 464 64 384 697 52 903 557 75 733 855 370 103 221 81 101 14 117 198 621 6 564 495 529 503 106 502 400 988 26 658 826 844 29 739 589 825 624 317 149 495 144 433 972 141 397 755 590 27 336 816 153 794 268 934 933 131 594 14 699 842 160 421 264 122 843 874 628 496 251 980 667 208 468 752 836 449 794 168 204 25 703 972 880 540 861 884 563 735 739 406
799 830 56 44 319 715 84 835 373 303 967 197 690 13 9 867 270 789 909 709 215 720 762 472 268 551 610 597 11 227 271 534 930 881 59 530 265 862 529 433 233 663 230 205 381 237 966 698 785 244 714 452 692 833 349 264 140 223 390 66 112 364 598 563 402 789 763 841 754 324 364 576 966 860 540 420 351 902 203 331 165 604 645 464 270 114 311 182 607 378 471 656 514 476 297 707 542 890 12 355
