84 80
492 112 943 945 261 917 362 878 802 555 643 789 555 566 226 263 787 851 463 171 942 538 100 772 402 317 928 169 33 336 289 387 813 335 413 14 393 341 406 55 650 169 16 273 294 582 882 805 676 280 16 301 91 994 385 668 77 347 228 185 195 98 458 493 920 484 993 587 124 22 778 44 933 734 814 698 791 5 33 854
128 71 888 934 375 327 450 233 267 260 845 885 272 21 566 265 958 205 200 453 814 753 983 300 515 143 785 915 903 95 536 924 838 971 643 633 287 279 140 850 98 827 563 925 270 994 359 889 734 415 242 963 201 25 533 147 908 254 669 73 697 802 777 688 628 766 389 516 456 411 46 509 299 325 427 772 658 389 974 626
738 613 793 865 626 291 963 289 175 328 862 592 379 189 67 762 287 353 584 719 483 226 406 146 245 197 832 914 36 167 166 325 757 513 289 934 696 972 834 427 273 9 539 811 842 963 85 699 690 931 936 250 576 769 340 290 837 334 70 354 899 312 175 69 803 184 930 956 37 635 875 659 842 76 117 606 234 187 266 254
930 186 264 378 522 66 866 357 204 426 515 460 390 64 328 151 112 96 248 256 924 117 9 683 550 573 409 700 732 393 397 853 672 987 148 854 606 571 24 417 155 706 269 719 926 337 828 349 389 674 492 523 385 415 853 246 712 176 632 523 525 900 334 155 279 829 709 973 792 264 551 786 906 140 376 529 812 162 522 289
466 239 101 650 823 38 101 238 352 321 210 163 672 213 353 8 769 266 377 33 607 563 969 50 634 413 481 70 411 617 231 428 13 597 302 289 385 81 982 728 307 728 888 885 167 241 263 242 629 170 289 456 604 748 225 335 647 338 770 357 782 799 445 351 126 634 794 10 803 836 454 406 563 208 462 945 980 987 383 404
307 490 734 916 77 53 445 521 644 680 792 813 778 652 952 594 940 699 104 687 581 479 399 137 79 121 780 513 893 812 945 175 400 556 668 4 731 177 217 941 445 431 513 745 927 604 249 576 366 405 495 632 650 868 12 447 849 572 716 146 860 193 252 886 304 415 708 805 816 626 388 272 855 851 773 254 785 78 240 47
473 358 215 844 608 241 733 581 447 384 960 123 101 664 464 477 153 633 81 535 937 785 482 811 551 274 970 512 204 484 112 487 990 129 547 260 359 498 899 39 55 156 881 700 847 377 49 947 395 986 289 977 709 39 985 481 62 9 156 302 781 561 578 864 443 119 204 77 172 71 419 221 182 75 696 862 448 969 748 782
953 735 436 868 914 722 967 782 470 441 528 943 282 271 754 50 885 256 354 933 820 58 479 161 575 903 295 616 826 627 99 259 553 611 492 386 55 167 712 923 23 240 225 869 894 41 176 975 414 345 152 723 548 747 230 529 742 89 130 386 754 320 176 46 53 891 681 397 107 60 0 648 261 856 456 950 804 486 989 728
47 278 457 721 728 982 793 20 892 442 900 549 707 91 957 183 66 477 563 993 202 363 320 433 585 326 410 716 448 244 434 42 8 733 793 229 255 171 821 184 804 20 534 552 295 552 915 713 658 883 887 415 114 673 951 662 257 81 850 644 59 218 27 170 51 481 442 665 256 61 389 783 795 37 605 961 602 166 167 515
893 569 422 522 779 789 545 94 846 74 449 474 378 315 219 985 279 127 931 530 852 222 161 343 312 507 98 578 249 964 602 312 764 814 629 3 978 388 773 93 347 180 89 443 583 585 107 184 471 549 714 642 987 986 292 347 10 303 235 144 199 94 566 152 796 234 718 980 281 464 798 451 886 716 141 23 411 864 95 927
113 118 115 768 391 34 724 757 922 359 724 413 833 527 152 784 518 468 302 752 806 404 818 505 787 533 566 796 114 981 394 515 188 254 535 548 561 818 756 850 16 470 678 480 238 898 661 239 679 123 592 705 52 676 29 84 83 691 973 136 574 443 282 880 899 460 907 271 675 927 216 339 649 586 902 365 136 647 123 373
466 100 29 186 774 534 229 918 393 859 907 273 42 549 778 272 48 985 121 709 9 682 927 732 526 231 667 131 419 611 609 128 504 665 474 562 951 418 649 224 1 280 470 851 50 444 205 687 87 443 631 889 700 913 296 234 642 470 410 96 706 908 831 36 441 882 133 782 110 841 835 792 440 806 933 623 382 591 166 323
12 655 76 974 177 716 832 639 378 570 226 695 582 441 692 921 13 954 870 868 723 174 612 1 550 547 299 583 769 727 750 18 563 156 799 973 538 403 6 52 678 503 358 936 552 604 497 114 31 844 821 714 798 105 455 721 318 509 107 534 961 710 570 107 889 626 231 211 725 978 883 269 184 527 167 363 839 842 437 26
877 352 996 874 348 748 420 449 958 184 319 25 38 905 900 857 811 949 235 255 16 940 795 22 611 687 346 477 34 715 116 653 179 928 191 722 339 486 27 333 795 21 818 391 653 853 869 642 336 538 474 698 955 170 709 251 440 937 678 797 603 142 947 866 399 8 791 927 430 199 300 296 223 476 734 730 50 40 143 92
440 674 507 366 891 362 721 698 566 248 657 70 786 209 303 228 564 638 526 531 132 889 234 694 927 103 571 892 171 682 667 417 204 619 990 250 654 471 747 768 17 970 733 443 564 846 239 136 918 618 642 411 762 214 877 430 943 828 857 783 981 940 26 100 507 615 62 859 534 390 313 92 475 163 647 555 364 933 170 114
118 623 548 729 252 548 303 805 3 44 214 91 214 533 665 244 927 196 377 598 383 645 987 903 123 339 158 569 178 31 665 113 502 924 688 686 322 120 432 607 6 728 652 298 950 621 27 798 196 748 174 269 653 326 871 707 954 262 97 758 582 621 307 192 728 933 79 658 116 798 31 163 156 605 746 966 274 867 222 73
325 19 356 979 550 720 408 798 491 682 194 798 805 881 92 455 191 183 555 868 790 557 50 308 554 582 939 940 811 288 952 750 677 28 709 844 198 717 611 586 603 676 683 74 447 772 672 35 667 308 835 891 978 417 738 348 908 450 60 823 699 768 642 850 993 303 425 288 539 780 432 461 951 685 86 536 488 779 617 586
20 206 203 690 212 955 790 294 761 763 875 190 667 191 130 846 936 52 533 584 236 283 124 568 973 783 925 265 23 49 268 352 840 973 715 664 431 389 584 185 630 552 782 946 345 168 580 939 490 901 643 976 561 577 726 775 533 862 738 742 37 904 696 350 0 351 335 57 291 976 600 139 802 281 693 28 956 67 16 98
723 187 892 440 563 428 923 352 89 356 825 283 15 626 483 465 669 71 894 57 511 407 236 415 726 399 371 786 106 260 791 208 571 188 140 887 629 557 968 525 675 898 913 884 108 649 149 932 855 33 804 747 216 845 271 658 4 373 177 491 574 295 560 406 369 73 895 747 944 252 113 741 337 575 210 134 683 950 392 600
882 385 29 266 48 953 334 395 212 625 664 969 717 188 388 469 540 85 194 390 248 384 269 877 615 585 34 480 192 363 830 654 770 804 319 55 167 631 335 189 211 640 649 367 973 732 34 411 125 227 816 408 427 355 486 787 0 489 966 166 120 29 10 968 169 545 604 700 396 166 139 922 539 368 134 737 510 614 51 87
8 714 62 2 935 47 330 793 760 328 714 910 408 767 91 751 736 224 460 476 921 114 102 790 774 787 806 294 513 327 779 36 826 765 351 34 746 246 342 501 362 186 231 634 719 812 760 142 435 511 188 105 775 707 714 779 324 62 344 568 686 565 510 105 716 329 975 798 985 618 844 192 542 917 681 482 644 10 922 636
768 647 708 436 515 915 335 850 141 677 179 679 709 264 581 360 68 847 451 350 924 991 661 989 860 246 717 280 595 924 869 605 756 710 248 429 534 321 645 91 157 949 368 220 531 529 107 206 71 189 432 597 815 50 451 627 186 938 23 261 386 185 86 870 681 131 391 747 579 720 251 159 985 563 434 654 723 440 731 492
358 562 996 537 542 474 195 606 432 373 895 282 998 37 781 983 119 724 579 378 358 965 424 395 632 984 983 545 306 948 350 428 695 404 734 228 607 19 698 329 162 174 88 546 124 478 186 589 11 413 895 782 234 339 28 894 324 777 320 206 205 348 301 865 281 776 299 755 452 360 340 245 541 57 74 610 480 332 17 245
791 923 482 600 715 749 884 267 327 22 801 907 233 524 248 517 177 226 82 804 432 469 353 20 535 435 824 913 302 312 721 685 812 539 270 506 39 21 937 928 363 266 802 402 639 847 546 3 36 353 514 989 581 786 933 824 483 684 356 885 179 729 599 293 275 970 61 294 613 451 331 8 329 469 416 943 447 529 975 640
259 602 763 524 975 947 52 885 846 625 708 887 192 415 243 981 630 836 245 401 130 686 939 699 374 16 364 925 554 493 383 885 124 794 246 565 248 455 61 903 815 185 470 707 810 980 649 160 934 993 715 623 436 161 167 861 702 856 90 266 747 206 881 478 858 376 826 674 906 67 386 150 547 841 627 722 797 811 563 50
692 535 866 345 847 348 895 677 524 687 365 204 513 934 9 612 517 100 609 566 960 357 374 804 106 1000 340 210 949 643 520 908 758 966 782 822 49 375 389 796 980 430 25 166 368 111 632 107 654 103 731 126 604 455 646 276 943 616 946 503 320 422 877 379 536 806 72 966 704 264 745 135 930 604 505 560 964 779 621 91
653 416 440 491 801 817 214 231 173 606 984 36 275 404 72 705 658 715 97 613 815 62 644 372 50 742 169 127 100 522 355 294 434 5 688 9 242 631 457 161 492 212 253 559 745 36 329 334 284 166 293 50 582 377 565 118 873 494 748 45 48 695 994 1000 399 242 119 960 989 444 43 966 227 271 640 43 591 993 298 903
589 355 79 210 49 789 731 831 732 105 341 143 693 121 346 392 940 707 616 503 72 139 10 878 638 768 682 187 594 847 208 927 891 372 103 812 255 201 752 103 972 297 542 747 279 623 818 895 11 801 395 891 516 804 335 189 275 511 723 791 650 303 11 206 758 817 390 889 708 18 161 922 931 482 479 651 766 433 15 438
31 19 44 53 376 546 811 991 887 296 518 918 473 859 775 816 962 7 411 369 991 691 123 375 254 28 754 557 49 322 228 575 197 659 822 378 344 886 995 730 446 532 153 33 437 524 131 414 678 604 278 514 253 360 826 212 699 295 406 259 448 245 740 23 771 330 419 182 289 826 445 566 272 585 415 939 381 439 318 597
289 960 140 465 559 356 268 274 777 275 751 318 4 852 509 616 990 960 127 233 371 584 450 194 468 800 933 748 923 267 979 817 714 786 558 271 809 435 627 762 124 651 934 785 285 965 142 739 115 428 768 28 700 841 180 57 456 856 745 998 815 730 773 103 202 705 675 853 899 438 986 307 330 915 841 109 462 866 364 740
486 625 882 509 723 51 866 654 898 108 122 606 562 310 64 803 582 822 155 991 8 957 395 38 875 357 311 417 737 673 195 649 332 522 836 773 708 729 971 90 185 508 733 228 492 629 644 449 659 557 298 808 335 798 200 50 664 280 261 328 740 940 910 344 422 733 245 287 795 234 118 175 470 90 354 609 298 972 608 945
528 657 992 179 359 361 36 726 320 843 416 93 732 802 795 799 710 119 39 102 823 271 503 454 562 151 24 79 583 517 582 874 723 219 764 554 773 766 688 78 430 369 25 31 770 245 386 219 988 614 814 115 591 914 282 333 56 750 49 546 709 715 790 210 298 4 446 882 871 775 327 398 195 664 130 398 182 709 982 436
504 301 930 269 680 433 356 582 199 663 440 128 22 775 699 117 503 408 855 146 41 73 949 568 621 63 484 653 794 860 299 179 690 519 402 13 914 620 593 715 203 13 397 752 349 993 850 216 848 109 950 904 970 432 649 993 668 54 769 278 70 502 914 395 159 387 651 953 967 17 946 123 886 887 501 731 438 644 4 792
496 121 446 916 784 281 399 895 299 345 500 195 777 473 842 726 10 172 880 543 607 593 631 986 741 471 203 970 832 303 473 797 708 995 944 217 444 712 621 567 683 776 596 600 406 619 656 267 586 570 787 737 246 773 129 823 804 731 365 721 985 313 548 536 109 706 569 631 126 286 477 405 634 444 66 983 649 417 861 759
332 314 916 955 766 445 330 11 611 370 534 207 886 344 664 181 225 616 124 236 78 178 988 851 106 574 426 789 976 770 896 613 116 129 536 226 329 989 658 485 563 179 284 984 666 978 367 178 165 541 955 234 712 684 910 302 36 52 515 434 937 766 985 329 459 7 686 429 532 863 318 285 355 740 180 273 42 712 707 962
269 993 2 421 435 880 869 243 774 114 352 40 27 484 17 972 509 166 787 180 495 147 25 966 660 392 838 943 349 527 429 189 253 284 965 692 206 6 50 6 205 187 441 217 956 657 240 184 196 985 199 967 940 541 280 771 94 465 184 63 245 261 221 814 970 904 918 535 438 76 342 307 230 661 10 488 534 450 419 33
167 920 503 282 131 998 505 189 20 874 3 24 864 235 724 214 566 729 532 201 77 437 217 941 810 424 859 364 297 744 529 219 872 495 16 30 949 828 116 323 887 429 46 802 18 162 383 402 329 130 819 458 835 88 749 407 178 796 6 776 358 270 378 277 514 643 733 695 747 886 765 824 844 443 192 889 618 351 73 194
340 935 772 321 645 500 371 777 170 288 767 907 820 654 269 230 390 27 982 534 663 250 363 273 687 876 585 868 604 463 626 942 945 951 315 769 420 561 913 867 432 855 404 532 835 68 3 153 936 369 709 955 706 961 359 71 459 640 787 361 559 776 822 669 497 273 924 891 596 512 849 262 104 357 215 242 361 639 763 255
83 887 108 262 748 108 699 200 355 380 463 259 906 373 532 322 12 470 379 790 579 605 597 601 617 188 205 857 713 20 493 883 317 882 872 993 155 981 745 123 783 300 322 369 561 948 316 499 614 471 973 690 436 44 644 756 829 977 479 855 511 397 69 722 297 996 17 319 941 15 206 806 82 887 962 333 397 430 933 284
440 339 858 706 423 834 714 663 413 57 71 255 894 108 759 481 838 461 431 490 150 593 918 626 415 499 806 650 465 158 998 952 102 266 443 450 369 216 606 372 203 350 899 47 333 570 835 147 325 244 110 569 553 160 797 89 696 556 738 51 746 492 340 242 845 621 256 305 804 287 479 651 796 431 51 978 977 192 323 475
722 247 72 55 192 54 347 452 231 136 508 978 80 970 343 808 951 462 313 356 519 698 877 135 171 412 445 54 883 888 6 687 603 666 96 757 447 177 410 684 93 857 298 797 424 54 429 307 673 759 173 90 290 67 402 553 57 347 357 102 391 682 1000 631 812 147 528 883 816 224 8 95 187 558 48 343 756 516 250 130
132 807 128 589 900 393 626 656 840 551 240 483 328 578 514 918 417 724 155 31 831 705 503 324 162 569 432 608 109 541 776 22 880 646 925 795 720 33 806 234 505 171 877 723 480 928 107 892 475 872 124 313 211 649 924 968 987 851 344 22 775 246 308 458 811 898 838 750 98 742 570 979 389 293 587 550 930 434 755 752
632 90 403 227 633 102 401 892 294 890 632 390 278 705 800 547 747 841 443 955 566 912 516 203 710 190 401 185 782 810 4 958 952 781 591 961 420 942 279 187 564 300 922 151 83 138 164 99 593 522 129 31 611 486 695 257 763 665 264 464 387 614 190 545 173 170 352 298 69 14 105 797 216 110 200 306 0 380 966 401
103 487 59 582 410 904 162 109 741 398 299 812 345 46 976 446 941 153 128 575 107 576 877 176 461 676 951 777 598 982 643 727 199 788 42 870 232 194 789 612 586 654 328 513 213 621 919 926 297 573 914 995 388 79 953 865 597 117 827 214 141 426 265 14 677 824 624 414 772 563 231 493 501 490 904 909 92 172 707 792
23 946 932 553 847 328 338 843 152 941 403 522 92 983 434 278 631 620 458 481 858 118 697 96 81 933 85 739 375 503 182 745 911 554 557 214 824 893 944 117 98 230 708 897 860 696 571 252 12 876 757 148 803 949 929 63 803 871 164 30 670 698 783 709 269 214 790 345 807 837 27 714 953 905 376 409 658 580 196 393
619 972 862 458 401 940 776 26 596 711 288 38 517 55 97 686 996 644 996 760 52 1000 804 266 209 991 488 968 967 761 274 352 203 53 742 675 588 342 673 219 240 184 50 832 37 310 692 3 791 962 283 426 187 129 611 958 504 21 959 508 747 663 406 328 559 242 376 149 517 158 228 27 839 242 884 757 303 627 561 55
781 555 666 611 512 954 232 570 240 14 780 568 784 655 480 749 499 686 690 233 300 793 657 4 110 408 359 100 330 113 413 980 594 709 642 619 67 725 621 676 907 187 333 158 92 465 540 832 954 260 365 862 919 931 94 661 392 590 888 318 173 265 268 310 627 347 635 524 626 389 419 940 210 703 874 877 139 888 807 166
892 369 593 275 37 446 741 262 751 294 34 223 126 64 263 238 671 24 854 150 992 306 859 772 906 463 313 770 676 869 843 622 50 995 933 401 242 299 51 171 656 975 68 290 917 197 706 933 731 863 316 386 909 63 760 572 3 245 557 819 458 588 802 142 876 296 949 224 443 621 68 122 611 243 132 609 13 50 400 235
221 417 441 197 283 365 632 705 252 883 840 961 416 906 660 173 503 556 748 351 359 633 246 726 965 315 503 406 959 755 780 418 481 982 519 975 21 19 603 135 956 101 289 564 660 744 827 423 637 980 40 570 455 534 661 148 132 898 910 380 774 96 445 551 685 19 340 31 239 788 486 275 809 159 745 442 980 903 987 498
168 751 945 532 877 190 17 621 308 114 731 302 330 696 128 74 593 635 914 185 159 117 391 543 999 791 630 965 188 319 329 832 803 338 327 707 527 193 215 281 933 15 568 410 368 758 599 114 846 528 168 833 131 283 463 985 965 954 3 321 834 22 632 928 69 479 673 739 847 428 368 286 465 381 941 420 593 735 846 576
693 85 209 865 563 572 154 892 732 450 602 632 615 590 923 998 372 238 358 428 94 430 47 651 420 427 416 107 80 667 810 272 423 291 669 519 128 542 368 1 715 236 619 645 785 872 258 941 254 11 860 503 505 520 677 683 468 945 187 617 696 90 893 452 511 869 362 93 146 602 305 546 384 684 397 369 408 103 843 250
446 457 744 998 191 919 89 155 471 417 346 246 789 210 429 323 653 222 988 330 565 596 271 801 73 176 588 481 980 573 665 765 129 527 603 862 908 459 690 262 85 170 462 461 160 747 568 854 454 163 744 462 964 712 743 204 52 567 136 232 195 950 314 775 982 91 124 456 31 819 885 141 370 331 962 379 462 522 853 773
975 502 887 523 184 785 115 972 660 11 423 731 481 703 970 314 400 881 51 309 584 490 31 115 713 299 401 749 997 604 223 164 78 819 246 381 264 74 858 644 143 353 250 733 519 896 972 373 906 615 364 68 82 819 31 522 821 402 151 467 784 723 31 702 626 117 817 285 407 144 958 683 870 975 828 351 456 115 544 134
635 513 814 196 819 614 216 306 498 383 348 597 976 175 340 891 494 327 439 57 638 814 566 846 561 567 131 657 478 257 880 36 88 790 977 754 798 435 26 517 554 63 338 82 279 463 511 856 339 305 291 83 701 63 602 72 882 759 811 99 250 537 700 40 906 527 357 629 127 83 691 892 755 979 249 637 206 261 798 366
808 161 365 909 985 25 398 913 309 56 843 84 623 172 443 167 576 52 635 254 286 771 137 328 650 605 424 40 636 350 749 105 208 922 671 286 593 439 115 162 634 86 750 207 432 692 964 707 555 626 880 602 384 546 154 751 823 313 986 992 274 583 164 793 440 752 305 939 368 216 919 656 70 627 855 847 820 461 863 931
639 414 129 814 829 36 779 411 440 505 726 133 52 28 624 622 779 728 827 287 750 626 18 648 220 91 113 520 705 53 223 465 359 138 484 817 457 66 615 969 943 130 278 244 111 160 878 100 101 125 663 446 519 409 728 284 955 483 981 909 855 838 988 180 622 479 730 339 8 23 781 997 613 761 931 303 25 68 978 798
690 921 767 732 832 301 27 344 240 973 610 17 107 578 301 195 837 81 449 824 102 49 317 587 649 946 704 262 74 793 622 835 508 353 190 791 986 804 427 532 313 89 885 221 210 693 623 99 143 710 909 993 446 599 992 828 578 992 559 527 540 441 894 414 749 641 393 344 175 566 924 132 824 843 365 170 10 159 114 581
500 510 144 904 208 184 879 237 806 874 684 387 879 974 730 864 128 645 477 714 265 805 631 428 330 149 554 570 517 528 742 286 645 531 865 672 714 578 322 142 408 859 776 836 778 395 710 954 348 275 971 5 739 103 924 486 208 671 68 174 691 662 779 85 72 731 870 220 845 439 68 256 460 351 27 658 685 828 340 727
959 333 956 565 950 692 840 793 297 235 968 790 719 818 46 555 965 374 234 144 983 689 638 22 750 533 694 594 318 82 210 228 320 124 721 250 244 751 161 791 57 530 850 980 332 760 382 815 516 645 372 162 592 166 927 98 724 358 392 534 571 257 331 879 282 820 851 637 315 251 20 365 309 405 872 518 370 788 785 896
690 549 130 637 805 201 457 987 438 266 503 760 144 793 305 572 170 837 597 350 357 139 570 366 389 887 916 757 515 789 579 474 281 293 183 509 780 486 532 163 52 291 341 221 968 705 192 597 706 722 522 173 916 419 347 661 885 272 401 241 574 863 642 368 148 249 902 224 162 343 534 779 183 893 347 462 320 746 214 95
414 608 657 950 272 123 891 311 889 275 882 33 58 15 602 79 672 390 838 919 794 809 39 833 152 158 846 656 211 844 49 296 900 639 695 901 551 861 6 885 251 569 958 577 677 100 589 397 813 369 450 531 201 265 664 291 290 772 10 938 429 709 100 764 661 64 754 183 502 135 953 70 980 27 503 294 319 110 234 997
133 87 464 107 311 789 514 723 750 709 44 901 259 305 987 903 114 410 846 815 343 507 964 244 247 333 464 188 816 683 496 796 250 618 998 771 726 374 432 977 213 592 821 510 39 16 178 709 476 981 590 135 977 513 143 784 859 499 938 619 584 646 233 160 255 577 895 505 423 141 471 506 359 760 436 940 605 153 754 511
649 974 31 491 631 349 0 522 322 738 935 330 191 847 665 763 498 946 842 998 547 237 201 354 883 653 655 44 58 7 276 146 426 890 112 589 8 941 150 661 337 160 384 656 743 501 760 405 178 920 659 173 645 335 552 964 674 657 187 173 129 187 858 506 579 490 92 107 633 349 437 318 858 241 445 677 861 36 565 865
25 225 693 165 750 402 367 179 805 769 681 21 106 914 117 999 450 285 874 544 511 402 673 430 667 578 100 572 325 419 855 323 933 700 36 329 537 367 776 348 789 490 98 201 368 511 394 199 489 957 164 27 319 754 611 423 403 804 951 893 994 597 770 359 530 594 854 470 76 685 587 700 638 995 663 509 634 118 100 210
308 554 209 175 325 911 702 654 304 652 388 420 684 664 836 182 833 960 632 548 542 633 950 900 844 140 554 191 543 284 298 571 711 309 750 921 783 837 659 612 728 97 377 645 559 35 295 107 133 379 143 563 351 237 957 854 477 223 169 911 176 23 651 968 419 379 533 156 512 212 502 93 96 543 55 577 101 22 438 383
284 972 705 386 366 861 546 564 326 525 975 709 230 206 669 400 262 627 148 328 686 8 52 521 550 327 676 502 462 932 434 155 245 10 49 499 110 235 292 662 375 967 646 282 930 66 739 259 41 564 199 803 60 977 877 338 958 134 324 993 714 721 632 668 461 186 530 768 816 841 8 706 983 356 867 19 502 902 222 305
488 605 799 978 364 470 33 150 437 331 820 935 940 31 944 449 454 465 773 752 269 885 741 355 216 341 531 595 274 926 269 851 454 451 558 784 449 720 690 231 58 840 60 162 97 721 852 223 264 878 188 885 110 834 78 321 61 368 316 122 110 411 747 634 414 382 151 627 605 909 602 228 778 741 440 358 101 471 16 904
244 275 939 233 890 699 664 489 983 819 684 489 886 493 194 483 678 151 146 397 48 857 764 463 664 168 971 471 291 56 781 269 822 509 615 964 358 192 258 593 895 111 816 443 495 754 857 419 773 838 341 83 460 568 57 348 366 898 217 945 889 844 965 110 480 234 758 624 621 557 854 997 699 908 430 883 761 213 911 241
765 317 846 986 718 396 25 116 397 615 246 5 574 35 319 977 82 805 937 502 973 583 743 16 698 815 462 492 870 47 983 861 952 975 121 618 821 894 441 427 279 802 981 600 663 366 820 951 252 941 817 128 729 520 11 361 976 351 793 274 475 853 266 568 449 835 314 906 775 143 868 665 507 610 600 620 829 160 235 305
259 434 721 462 233 867 902 940 709 485 573 66 634 409 836 842 606 748 683 223 146 703 734 288 440 431 173 162 690 311 133 354 587 842 162 670 535 837 68 812 759 363 321 77 957 768 242 990 209 864 710 642 401 930 814 622 179 448 649 16 425 615 563 423 143 52 416 221 83 617 563 346 746 823 540 190 809 54 277 422
480 539 258 328 614 92 466 851 211 881 75 551 166 869 490 924 767 248 930 111 119 145 67 652 856 434 935 526 824 760 806 671 518 677 904 165 290 173 101 549 650 771 182 591 431 488 953 705 393 583 894 927 53 767 267 938 746 229 225 920 671 898 206 19 140 722 588 295 521 174 173 871 595 119 495 174 499 467 756 119
538 892 978 708 707 467 987 628 957 353 23 692 189 575 993 440 94 185 111 757 199 499 476 738 35 697 736 642 274 442 541 314 795 424 311 978 561 927 328 502 657 819 411 187 744 988 571 4 35 59 0 568 856 181 985 659 644 844 620 955 228 699 633 77 868 145 597 75 343 593 434 502 265 270 362 53 687 247 353 316
801 386 536 340 984 211 429 150 128 147 22 935 269 11 66 670 852 627 884 132 314 412 707 1 266 927 788 643 208 343 3 695 70 463 994 95 103 174 34 120 296 136 653 89 91 702 834 822 943 416 384 245 376 728 306 739 295 606 589 256 623 383 932 742 574 642 882 331 221 537 872 405 305 600 206 390 343 475 449 519
249 605 238 471 785 334 719 564 678 309 78 241 336 740 202 190 838 650 610 615 877 470 708 264 78 688 381 870 277 755 553 82 585 114 434 92 752 530 960 175 773 695 805 776 365 541 551 34 286 39 313 950 885 976 181 576 69 545 84 287 979 943 790 190 243 627 214 314 330 929 503 64 926 943 194 753 714 528 89 279
837 878 510 153 557 613 609 258 840 766 894 746 867 491 342 44 17 675 331 611 615 303 142 87 481 161 42 152 307 640 662 407 78 876 693 16 434 598 908 459 652 590 532 643 589 31 128 341 68 260 517 740 389 599 69 937 562 116 726 512 330 412 268 90 438 505 520 913 879 244 81 654 93 447 59 342 163 731 151 620
181 158 595 720 24 821 493 325 817 583 507 573 881 695 350 142 743 192 200 431 272 875 371 441 255 944 11 456 816 428 944 803 115 884 491 688 725 837 757 201 562 703 415 727 145 413 18 397 108 589 916 56 614 391 636 494 572 402 433 869 0 383 491 23 757 886 509 45 464 970 631 903 745 578 378 684 624 628 800 897
489 353 639 851 946 285 117 891 807 978 651 138 546 564 693 589 771 776 564 115 625 710 143 132 553 146 400 948 851 476 726 388 718 308 437 714 384 766 228 363 898 187 194 82 161 865 129 922 629 805 898 855 537 558 836 457 174 369 674 961 102 73 896 816 10 660 193 882 78 559 155 263 598 637 6 83 348 599 12 694
64 920 185 582 829 875 487 143 89 406 498 83 247 679 981 426 705 497 944 90 368 739 771 388 138 860 476 85 699 504 370 371 703 247 411 821 698 234 556 367 317 822 833 189 455 354 567 689 849 106 836 225 332 379 312 928 115 358 332 66 165 338 458 896 189 430 775 540 370 800 994 483 682 668 256 989 56 332 979 114
861 715 924 122 707 655 590 995 956 575 662 248 273 143 202 394 667 53 996 624 53 515 151 856 528 649 43 27 42 17 27 53 935 266 455 106 313 316 830 782 437 43 309 133 156 959 244 24 880 376 138 737 913 619 35 569 399 390 397 436 526 838 864 979 445 307 360 191 856 851 7 439 472 332 641 213 542 646 575 927
547 136 712 248 123 509 130 449 93 798 801 508 619 99 529 215 890 708 315 680 539 867 680 754 411 78 61 884 791 690 524 164 677 518 262 696 506 700 31 687 714 380 844 614 606 110 825 556 105 623 93 284 985 321 858 856 865 977 518 650 410 520 958 149 540 427 559 334 161 761 410 56 689 794 919 754 951 208 284 68
723 432 862 27 41 955 969 315 87 780 839 62 475 252 841 440 733 380 815 810 661 942 939 521 610 669 636 808 944 361 72 891 533 499 383 40 577 127 270 57 579 939 738 969 155 339 994 407 818 397 19 485 509 316 249 337 867 659 105 264 630 914 819 123 143 330 866 251 719 386 865 531 507 882 819 15 425 182 226 367
910 55 345 560 291 487 772 334 758 934 631 363 520 980 478 394 15 726 874 997 219 834 415 425 463 3 708 232 139 421 973 863 831 920 247 233 388 863 522 2 121 179 962 923 611 291 191 864 175 325 936 561 883 512 775 968 833 215 252 508 586 798 53 343 292 217 638 212 254 724 323 726 401 144 261 215 323 615 706 873
5 764 551 784 737 452 442 241 656 592 393 645 708 704 884 475 569 496 933 950 857 951 572 787 144 904 949 749 351 845 501 97 936 991 269 518 279 214 42 447 919 581 106 193 975 990 41 366 582 155 610 746 373 153 148 33 679 452 635 6 999 449 3 309 976 812 935 915 829 273 611 740 594 924 710 379 747 448 110 43
783 340 961 61 829 453 709 387 119 708 548 57 260 592 502 613 89 910 312 802 35 30 670 80 114 589 685 654 990 272 193 535 70 390 343 390 991 432 491 358 60 825 153 293 128 252 595 926 534 185 203 665 489 294 972 883 902 37 597 881 96 946 895 332 903 259 331 349 918 143 347 305 498 138 682 516 447 332 438 99
