36 97
791 682 409 235 325 186 14 32 530 830 570 703 460 336 312 184 514 654 201 689 550 2 994 819 26 114 852 75 800 18 141 1000 957 225 460 620 624 490 685 145 63 473 609 978 138 238 569 45 46 904 444 84 309 948 149 892 714 615 719 481 544 96 265 270 730 183 481 130 613 33 820 996 374 104 327 112 859 831 314 201 976 755 605 387 340 407 288 168 705 926 81 939 981 812 547 746 879
76 598 292 150 663 196 647 782 271 394 698 101 988 424 528 82 199 71 450 194 190 334 210 863 136 628 827 581 927 120 775 424 273 291 818 731 268 342 476 571 41 830 84 867 256 172 394 212 804 524 908 910 56 969 381 22 926 758 862 914 667 3 940 159 827 340 219 917 472 960 668 871 796 426 516 509 389 194 439 241 715 483 638 31 335 552 996 430 798 370 453 817 976 551 97 390 686
758 799 936 543 118 490 637 329 76 80 486 37 370 636 814 169 120 325 637 212 494 88 821 249 131 291 831 263 942 707 884 677 75 531 86 992 777 427 692 550 299 614 270 812 78 177 984 951 182 894 581 726 940 92 391 973 17 650 594 939 634 247 785 382 244 354 664 161 379 835 541 224 285 23 8 502 355 31 984 804 913 20 161 661 136 933 133 481 296 120 720 209 995 124 334 262 416
704 31 267 415 924 439 478 597 556 896 300 758 91 856 737 26 277 949 432 71 160 918 647 928 983 911 559 138 286 442 614 456 589 569 194 285 415 234 808 989 632 530 257 683 233 67 803 213 350 871 199 469 439 844 818 948 366 437 860 83 309 551 44 539 60 345 718 965 512 679 132 432 404 222 56 983 509 722 395 253 978 246 707 483 58 581 923 873 995 565 7 46 287 354 983 778 1000
641 435 282 572 229 81 565 957 336 939 273 155 702 158 180 564 833 824 639 190 902 461 489 12 195 900 912 572 174 124 432 373 497 194 928 526 221 521 658 307 80 17 401 361 260 295 675 760 974 751 95 935 34 943 39 869 523 913 504 316 282 165 490 581 533 448 1 544 148 260 836 658 383 141 671 944 596 685 751 699 154 65 323 576 837 749 179 734 228 510 133 629 343 245 785 37 135
886 507 853 722 915 748 687 70 919 445 61 48 866 973 906 190 48 76 15 710 65 476 979 357 346 563 467 327 272 711 72 705 446 314 704 535 95 279 934 295 259 838 394 44 311 325 98 441 92 260 565 268 698 10 655 134 103 766 297 170 447 457 995 969 539 232 875 703 925 610 527 700 882 309 357 591 235 742 725 887 909 253 994 30 327 486 20 318 385 664 548 449 108 706 393 36 570
698 562 315 13 704 479 785 639 41 775 730 92 314 468 768 374 876 545 960 438 626 159 622 21 960 477 629 469 761 446 839 587 713 657 311 81 619 162 73 19 68 909 941 994 801 734 169 97 129 756 340 838 754 406 996 802 778 34 193 540 911 176 438 80 39 707 451 896 934 805 943 879 332 80 142 339 40 94 152 766 664 706 718 837 811 492 522 193 811 694 179 317 922 690 830 834 176
421 186 755 830 114 563 556 429 748 431 460 290 94 163 840 235 450 578 22 199 861 311 923 802 283 370 989 911 600 0 627 489 483 731 762 83 42 274 149 582 391 545 860 300 265 821 329 209 955 675 703 490 104 938 151 903 302 121 890 512 606 741 118 693 433 130 34 922 640 135 347 687 12 281 296 306 14 49 232 590 990 287 170 814 728 571 856 853 955 313 400 867 461 380 214 326 335
701 950 871 615 705 662 287 92 250 873 508 455 502 786 456 33 715 827 794 26 226 101 499 72 873 232 653 102 772 102 470 372 589 949 662 76 15 23 561 488 998 225 577 808 157 823 274 904 902 422 968 681 364 824 696 950 750 336 229 797 938 656 216 301 636 582 639 388 988 475 49 235 828 618 542 304 760 919 84 570 395 923 753 444 241 188 750 776 731 30 886 878 201 918 97 703 534
439 921 714 312 541 477 822 347 254 62 97 711 645 918 605 801 131 684 669 1 138 91 361 552 541 202 326 938 285 615 350 247 755 596 137 51 523 465 92 298 311 49 588 707 379 429 329 813 453 1 216 716 115 120 806 994 339 36 182 429 646 673 729 137 155 818 225 625 852 603 942 999 74 620 471 169 274 172 684 177 107 964 362 836 915 193 935 348 969 791 227 689 651 150 568 818 700
786 485 58 476 640 386 79 409 789 378 200 970 926 487 475 662 593 23 340 246 392 227 716 972 521 213 519 152 779 82 387 257 825 416 899 897 510 242 841 694 984 24 128 438 264 244 27 550 189 897 435 423 937 459 851 313 134 293 89 989 183 913 622 489 427 882 242 342 646 498 431 739 135 682 212 124 33 588 181 319 749 921 472 621 224 997 367 895 909 125 36 286 377 149 308 71 381
856 127 236 879 811 117 934 60 289 931 192 165 796 88 321 162 27 44 783 897 813 347 712 543 498 386 274 100 457 303 544 803 110 246 605 799 413 389 893 803 341 185 709 54 416 695 568 363 462 148 570 603 614 687 662 399 486 867 629 855 120 373 168 389 806 126 228 616 357 426 51 179 587 25 461 79 420 642 457 744 312 737 722 100 450 615 216 339 575 482 240 482 576 805 169 196 807
315 517 461 551 977 282 539 263 355 776 984 770 819 170 986 893 591 299 296 986 490 653 205 627 277 663 878 942 590 602 572 346 103 412 776 470 200 387 382 945 77 610 518 278 257 208 130 120 593 382 320 8 22 70 508 398 609 415 30 207 914 841 424 22 252 400 698 294 623 476 618 24 657 434 559 601 821 710 424 760 346 526 781 293 963 496 249 135 51 589 527 764 758 200 622 658 838
456 937 179 837 992 630 422 723 543 127 684 643 174 709 643 47 44 887 3 262 890 647 361 437 432 860 813 635 630 366 694 355 345 609 263 830 271 466 585 810 624 421 119 167 698 410 152 538 442 662 42 181 310 999 126 822 385 790 736 266 221 891 198 983 485 849 351 398 319 67 841 261 476 282 176 401 972 435 149 211 232 507 197 765 613 278 864 263 258 72 523 13 147 32 285 805 975
406 638 344 846 800 403 441 70 218 980 591 371 190 366 5 325 31 128 825 971 850 640 393 645 768 872 183 283 373 21 480 67 146 198 736 729 307 964 688 381 30 891 389 111 592 647 820 573 304 394 771 185 211 390 675 704 1000 384 398 681 177 654 244 935 793 447 501 301 393 994 196 282 946 184 144 554 319 205 820 50 42 961 260 769 213 6 79 591 125 456 49 183 621 271 330 108 185
243 206 830 838 766 770 836 949 302 240 187 512 710 0 16 697 996 154 651 94 846 235 243 837 812 230 640 421 587 268 129 766 163 5 195 623 609 802 508 624 478 859 592 876 934 780 919 328 590 914 673 97 545 898 484 811 881 440 505 527 311 780 941 440 455 317 483 577 464 141 671 838 870 795 497 539 776 184 251 45 384 603 464 559 48 822 591 838 981 666 799 70 543 972 892 438 752
908 371 781 91 498 757 49 128 81 407 395 923 205 351 718 364 732 793 816 11 194 397 713 412 38 527 57 3 623 393 227 876 919 725 100 56 646 358 557 27 967 103 267 21 587 461 481 704 994 545 77 248 541 847 323 511 535 865 547 284 371 43 672 299 855 628 187 233 698 79 990 670 323 627 477 897 256 324 117 397 545 167 930 884 638 260 714 80 652 702 967 623 994 538 317 939 506
228 350 504 117 570 261 990 250 609 105 500 183 898 321 856 109 128 400 226 386 431 339 781 429 572 988 317 895 918 911 224 455 397 595 789 880 741 250 218 814 632 868 825 576 149 909 380 67 218 37 819 447 25 710 670 202 801 994 357 370 601 56 881 421 215 84 254 423 36 457 265 576 58 987 863 581 333 370 978 548 422 569 275 765 77 268 381 193 331 891 452 643 574 726 368 524 641
762 606 929 113 480 747 124 765 228 534 692 988 149 898 406 621 10 541 996 5 372 697 890 777 109 67 737 240 206 964 528 628 606 513 154 878 702 624 143 875 652 764 935 172 357 908 89 58 765 687 94 268 824 169 617 421 694 876 38 429 427 527 984 772 862 659 239 703 180 810 464 919 621 882 623 504 770 221 914 943 461 50 128 939 4 104 757 946 493 287 238 217 595 256 257 195 849
758 683 821 461 571 363 626 794 273 327 473 67 157 895 702 658 307 32 416 436 158 707 48 348 207 680 222 895 53 155 693 425 71 570 272 513 779 527 129 353 496 57 299 763 395 831 156 714 981 118 344 822 843 512 812 685 366 692 223 852 526 381 611 758 838 3 828 219 262 662 79 503 953 332 770 30 666 961 993 298 101 718 537 627 953 911 623 63 843 848 890 193 30 824 504 482 794
445 638 510 190 191 136 742 453 746 982 920 29 210 929 935 155 283 641 898 679 846 276 610 537 860 233 748 855 123 683 669 363 965 537 291 503 92 165 928 120 400 778 576 803 566 853 255 249 8 961 80 932 846 785 398 406 223 422 916 357 20 763 435 346 461 65 529 423 691 442 767 860 187 325 356 271 412 865 138 543 784 50 478 637 596 416 356 157 57 444 82 744 553 344 110 746 533
711 981 883 402 389 444 404 885 141 820 428 320 157 786 449 122 882 868 206 751 963 23 404 863 689 487 722 825 525 445 886 394 255 683 511 803 18 499 728 780 54 983 227 1 252 347 26 719 917 374 633 560 477 101 359 798 735 767 866 434 310 109 110 280 583 105 853 205 900 224 60 800 201 835 961 50 141 831 976 545 441 727 433 364 935 203 282 388 691 116 937 799 784 650 238 889 594
654 822 869 219 106 686 719 823 48 494 456 739 930 608 90 219 1 817 892 731 647 165 917 202 137 66 389 407 276 998 263 335 944 858 997 911 682 36 392 782 637 398 123 287 115 336 66 69 462 48 637 287 844 344 635 539 682 677 208 160 8 423 842 858 938 471 945 874 60 395 312 433 498 920 248 766 145 358 119 998 848 156 8 149 537 932 33 976 298 939 658 641 354 486 177 915 235
877 195 173 265 375 116 495 290 237 559 579 891 729 602 419 247 925 214 832 982 660 862 550 141 276 132 646 743 983 846 71 189 86 841 350 985 386 412 983 46 803 473 778 189 533 441 85 38 849 389 626 581 925 281 744 31 46 726 377 704 808 388 352 970 329 319 235 609 884 535 614 885 336 202 328 808 920 145 97 937 450 921 900 447 999 309 991 655 312 702 992 811 582 59 983 558 692
184 493 849 427 509 711 767 292 697 512 649 64 426 0 272 390 631 668 748 615 236 341 685 44 762 13 526 936 82 980 615 701 423 215 238 625 835 984 110 605 228 182 364 857 985 135 210 341 401 912 193 172 568 338 902 247 981 988 341 572 400 390 874 69 373 537 451 578 625 651 627 817 50 354 84 519 55 836 613 42 474 460 697 858 180 360 233 674 565 479 360 735 228 970 747 437 251
5 882 733 462 50 383 339 226 340 691 394 806 948 46 564 138 838 806 293 597 557 766 475 498 75 258 292 189 221 660 736 347 123 525 91 706 736 233 11 380 780 887 980 255 750 509 64 15 160 46 890 567 414 247 337 234 590 605 631 795 780 678 339 386 645 327 825 451 851 956 274 937 955 610 366 140 571 17 687 870 989 912 652 394 200 22 884 290 97 872 928 425 947 264 835 2 894
452 251 285 672 900 615 731 875 455 616 379 498 124 567 885 676 355 607 140 806 402 648 558 717 993 30 87 928 167 937 752 958 286 732 270 818 862 34 97 742 233 621 786 919 502 520 242 231 511 24 848 632 912 898 370 276 658 421 116 783 579 332 518 760 186 347 888 170 932 339 690 831 28 9 596 265 662 924 176 455 530 98 934 66 475 284 954 268 261 597 455 836 91 600 987 6 450
752 499 35 239 93 481 786 547 584 577 596 748 80 0 591 374 446 358 913 94 172 346 474 527 708 389 422 680 854 755 438 404 521 877 803 885 969 147 35 590 897 5 419 473 280 93 88 189 173 171 956 928 792 60 444 867 78 426 365 304 54 11 697 108 733 514 46 115 215 584 549 438 167 407 355 739 11 327 602 81 216 464 966 905 888 401 315 581 727 218 124 630 901 463 837 221 721
134 370 946 815 941 232 90 371 313 914 436 864 37 615 607 375 480 508 712 102 848 114 588 744 723 308 13 938 420 578 919 514 379 668 368 455 976 617 74 694 458 12 940 344 986 982 850 17 246 622 64 706 403 81 888 441 585 223 222 663 127 203 829 943 54 481 23 160 591 226 474 922 710 788 160 588 639 478 894 917 50 860 276 467 698 477 168 116 113 565 587 84 233 514 239 416 813
481 537 679 833 919 158 371 126 145 508 235 47 754 520 524 437 952 370 479 794 269 74 419 983 539 127 178 961 427 422 684 930 213 936 274 642 466 702 652 86 116 881 435 64 182 285 386 54 598 298 273 79 127 833 125 80 810 940 587 365 939 215 98 643 858 654 454 186 934 469 136 726 924 950 158 604 975 139 460 259 744 337 901 38 715 261 885 920 805 803 977 575 733 499 202 623 47
766 836 44 701 888 263 648 652 781 642 948 204 877 476 949 977 136 444 117 710 890 837 361 683 42 951 515 919 690 716 287 84 120 63 280 27 800 761 528 892 893 371 78 464 669 690 52 862 318 585 382 457 59 124 518 369 611 922 2 885 211 848 30 975 553 609 884 827 840 43 927 132 57 513 64 119 446 53 905 569 262 585 497 591 710 826 249 547 258 619 851 879 759 627 59 785 766
546 207 200 819 668 922 956 823 643 22 445 101 294 339 955 225 414 588 18 737 999 330 947 571 555 288 112 367 105 909 510 736 927 296 629 516 549 232 323 944 999 721 45 416 827 264 111 325 986 185 291 37 684 52 210 452 978 131 658 675 490 39 819 575 247 814 955 787 819 676 631 846 497 793 985 946 644 673 818 879 987 884 256 677 651 170 683 632 547 444 85 457 379 253 582 687 541
428 922 864 277 211 715 379 973 416 922 2 414 582 73 426 680 420 619 190 547 306 220 244 334 790 925 717 407 674 312 442 326 933 124 402 309 193 942 745 709 55 163 256 942 414 783 889 52 64 723 630 410 224 996 890 881 966 376 675 271 898 838 384 481 127 756 740 810 757 934 500 37 320 732 844 81 922 37 192 325 38 781 980 204 250 47 755 778 653 399 321 419 355 953 272 914 374
595 599 473 926 138 351 160 306 126 274 1000 248 476 80 353 42 226 155 413 275 411 773 393 769 895 476 968 362 928 412 746 668 339 140 188 29 901 389 883 13 386 314 662 600 420 806 697 546 73 299 26 265 850 219 761 420 180 487 110 935 616 129 319 935 734 624 635 605 749 753 490 216 642 786 527 600 671 364 731 207 866 582 286 589 318 730 492 30 965 130 457 54 343 470 862 984 391
495 356 290 261 177 772 887 720 544 214 24 632 706 32 677 678 827 607 262 878 444 969 230 740 68 641 457 752 795 36 613 815 535 134 63 761 750 28 694 622 192 160 448 339 869 748 197 433 52 229 671 275 496 228 972 458 135 148 204 933 534 569 1000 360 905 685 311 217 17 840 31 220 574 639 39 331 465 231 615 263 667 532 829 324 569 443 127 480 636 506 139 551 837 485 228 676 571
399 855 590 437 60 691 975 265 673 578 594 29 187 940 87 569 995 835 295 384 868 919 713 535 72 910 438 830 78 257 868 592 886 431 661 505 568 797 177 678 252 539 116 785 491 14 30 301 803 530 718 897 674 572 189 687 410 327 167 945 552 261 294 124 262 437 34 904 841 111 520 304 984 176 201 885 967 740 884 55 207 238 402 38 9 975 175 895 223 930 222 294 20 6 437 999 889
