100
-7968 -8740 -5307 9992 68
-9026 7500 6691 -2862 50
-6185 -4470 625 -9220 48
2159 3369 -4701 -8661 69
7559 -2068 -8188 -2543 23
3531 -5515 5284 1736 15
3676 -6128 8148 5523 20
5573 -3054 -4416 -376 59
692 2136 -9363 1292 14
-4773 -2679 9600 1446 98
-6108 4515 -3699 -1543 37
-4043 -2480 -3168 -3571 27
-2485 7196 -7307 7282 25
-5333 6463 -7304 -9050 42
-5759 5025 3527 1893 18
-3133 -7700 8353 -7579 83
-8691 4909 4743 -9806 52
-3845 2180 -2553 -7808 95
5138 -7077 -4737 -7368 49
4991 -4169 -7001 3 56
-6019 7257 74 8198 22
1801 -638 -7212 -58 100
-9995 5423 -3540 9596 66
-298 8255 789 4268 88
-9894 -5525 6759 -2150 16
-5497 8892 -1108 5605 99
6043 8672 8825 9024 82
3495 -2629 -4719 8958 91
-9165 -6010 -4534 -6325 47
-9108 -2761 -757 5490 21
5814 5444 -4535 3067 92
-7422 5778 3922 -6116 97
7321 7666 569 -7988 81
915 2914 -3734 4163 58
4973 -7302 7106 1973 61
-6758 -1815 1820 -4219 50
-6821 2410 -8178 4285 44
-4874 5521 -1069 5413 67
-7097 1940 4885 3781 73
6731 5518 4262 -3136 22
-6847 -667 4064 6636 27
3155 -3174 -6829 5657 88
-6820 6607 -5180 6196 72
8074 -8430 5000 6369 97
-130 6065 8820 2565 44
9903 -4062 9413 -597 43
-1649 -913 1071 -3784 62
209 -1694 -6208 -4235 60
-1402 6051 -737 -8820 76
-8703 -2698 -9529 9541 5
-5271 9406 -1445 -1160 81
9984 -6441 8443 2383 92
-6200 1102 2172 6955 68
-4333 -427 2936 -3820 44
9035 6381 -7998 9146 42
-7856 -3473 -6144 -5719 41
-2347 -1999 6243 -1709 46
-7465 -5973 7324 -8523 17
4474 -8648 -2002 -3926 6
-6396 2275 -3144 1053 42
-9279 -3005 6613 1014 70
-7548 -8482 -6027 8716 91
3393 -4519 -177 -9814 34
3457 146 -5763 7495 46
9125 -593 8567 276 46
9551 963 -3520 -9299 48
-8551 3619 3929 8788 99
-3476 7801 -6066 9499 76
-8518 -1380 -6226 -1956 35
1841 -946 9109 -76 37
-3154 2909 4296 -7101 79
3423 -5970 9228 -8644 75
-5521 -7891 4139 2600 66
1619 5525 -6169 3639 94
3258 8151 -1944 -4255 98
-6677 -7720 -32 2133 38
9234 2881 -8644 -9875 73
1936 4478 5320 9955 62
1209 452 -6621 -718 83
3432 1133 9840 -3766 35
-7933 -3122 9064 -3932 38
-5517 -3303 2222 7577 92
2476 1152 -3655 2314 97
-925 3255 -8413 -6188 47
-3036 -1195 -5582 1226 98
511 -7610 7440 7360 26
5224 -9255 -6751 972 82
6751 1756 4074 7562 34
4107 4131 -947 -4706 11
2242 -9337 -932 7312 88
1408 -1092 -497 6906 97
-8863 -5325 3989 -1038 46
1975 6293 4015 -8505 56
-5783 -6085 -2885 -4107 60
-5173 -6736 -2145 -3491 54
6639 6305 6424 -7839 65
8360 -3116 5528 -9023 14
-7925 7493 8423 -2086 27
2703 -6849 -7366 -8950 50
-5683 -5906 -9576 -2562 64
