100 100
833 228 792 273 860 107 727 21 621 246 759 283 702 131 757 335 686 249 926 185 562 442 665 136 846 140 987 39 519 92 528 22 933 97 545 432 968 467 681 497 907 204 653 162 974 301 777 46 531 46 597 473 804 455 629 69 728 286 909 384 968 282 584 373 580 451 775 442 958 457 942 491 959 492 556 426 529 217 962 18 842 118 750 420 556 295 801 408 981 277 514 141 794 9 713 223 731 466 697 469
99 845 107 553 467 745 281 980 32 679 458 652 395 821 410 876 104 735 486 902 422 659 43 964 94 716 45 966 123 970 400 749 11 562 138 744 217 853 59 863 347 680 58 932 306 934 285 587 24 502 300 779 138 781 67 567 236 892 62 656 387 751 267 772 458 905 212 808 236 711 338 647 221 816 390 562 195 995 374 836 462 821 383 763 413 808 166 954 236 949 326 682 375 645 199 744 43 981 449 541
532 399 951 97 655 70 945 417 619 39 841 148 836 428 931 157 627 30 517 495 861 106 587 196 907 60 747 36 747 286 580 46 881 269 921 451 649 423 565 119 577 270 730 381 746 162 540 175 641 372 848 140 748 383 978 450 503 336 971 28 941 234 971 92 940 157 588 383 634 218 609 142 844 253 650 401 545 479 773 387 985 359 565 369 985 449 687 267 743 337 824 5 910 194 609 263 611 339 725 21
175 560 176 994 418 970 285 768 125 540 360 570 265 533 438 852 115 963 114 752 336 711 49 766 258 645 97 747 388 519 412 903 223 652 276 617 135 650 426 668 114 921 316 855 252 916 411 587 463 686 163 577 477 866 462 611 396 992 473 771 206 673 423 951 179 891 19 921 365 773 57 615 323 845 288 648 189 634 119 581 116 842 106 970 346 538 100 577 85 782 187 993 105 665 360 752 451 992 286 831
629 343 626 176 885 244 645 291 943 37 986 142 639 78 750 486 579 484 690 358 777 453 637 307 869 311 731 347 727 352 621 279 580 416 682 196 768 43 652 241 907 15 873 243 500 387 957 167 580 318 753 80 659 13 877 282 822 383 555 439 598 427 520 145 901 433 569 65 683 10 871 398 766 34 655 427 763 380 922 123 921 109 560 139 984 119 680 457 845 245 904 384 897 471 675 96 544 80 838 5
227 536 47 589 253 849 61 534 495 822 420 791 359 601 336 761 228 826 278 562 137 985 499 698 179 747 442 542 473 962 313 748 263 838 396 976 363 839 178 840 108 960 188 630 12 967 260 884 106 935 243 651 185 940 223 878 217 861 341 813 484 911 371 820 392 991 98 733 316 942 70 846 100 911 42 602 290 893 120 892 183 618 55 961 147 544 325 666 399 593 0 962 441 844 131 587 290 720 496 676
788 173 974 331 573 66 671 497 588 404 953 115 891 230 973 148 747 134 832 61 784 177 946 308 849 259 549 388 672 280 628 463 719 216 953 263 868 126 665 140 938 109 942 367 937 224 911 107 587 482 672 372 810 462 697 25 727 490 682 139 556 96 681 265 745 307 616 327 768 118 633 91 616 142 512 267 774 371 648 112 780 77 786 29 610 174 727 287 914 499 813 125 971 344 782 189 615 273 810 98
74 895 86 921 15 985 66 955 194 643 379 581 99 785 313 935 383 773 317 871 52 912 215 805 76 934 201 824 135 612 471 840 290 504 374 904 65 656 328 656 208 721 497 983 459 707 162 954 271 586 443 536 377 703 459 667 489 689 484 914 383 795 304 505 379 854 388 546 428 565 127 660 445 841 483 909 80 820 152 975 142 962 322 580 191 678 454 540 359 779 420 862 54 798 316 742 342 993 295 968
731 362 630 390 865 474 747 261 586 66 891 40 930 224 648 81 691 143 511 447 881 192 677 278 744 249 668 310 767 328 625 457 834 249 878 443 511 497 610 253 541 19 728 396 821 169 505 336 654 336 566 184 600 265 559 492 890 76 655 377 978 111 760 275 681 213 914 453 584 189 820 54 741 449 990 320 812 12 771 117 991 228 616 475 644 162 554 9 802 51 837 184 678 87 677 432 825 289 954 259
175 687 149 964 423 674 190 914 110 654 405 708 22 898 452 905 388 790 442 744 422 538 155 718 191 976 77 665 260 667 231 997 253 839 200 798 485 548 219 785 48 618 331 748 487 884 466 837 281 778 287 787 312 897 188 647 235 769 214 958 156 866 444 956 290 644 127 854 281 793 122 517 142 809 336 690 254 737 367 795 279 645 156 596 58 832 53 559 395 643 1 570 208 910 2 694 342 874 465 778
566 468 837 154 623 127 578 134 528 321 703 295 681 71 763 76 960 304 849 275 942 457 714 399 796 18 924 138 588 482 729 23 924 72 987 21 564 103 531 276 991 447 740 434 508 66 682 143 704 123 597 242 986 224 892 79 840 292 774 261 545 151 577 409 596 3 681 37 804 269 528 256 769 233 712 371 848 431 551 461 855 318 704 24 736 367 665 163 736 83 813 385 960 470 519 7 776 132 598 95
49 766 445 709 301 866 323 626 412 989 228 709 374 793 238 522 140 507 376 558 233 931 416 781 234 619 224 694 286 835 207 965 209 942 495 848 55 594 64 568 157 630 458 948 323 533 436 818 265 571 60 522 421 708 180 645 299 841 408 578 189 755 214 509 100 656 480 729 395 553 331 676 55 534 329 642 240 620 401 522 352 544 487 933 338 770 292 997 247 769 403 983 301 814 186 639 203 908 288 528
821 183 925 422 709 186 877 335 744 7 801 438 561 41 507 160 827 465 921 426 953 326 929 421 834 99 596 321 922 228 645 208 850 96 977 150 824 29 510 42 811 319 645 24 615 3 805 151 548 57 686 427 654 204 986 99 576 298 519 229 853 85 930 50 689 292 524 461 612 424 612 389 550 126 608 338 791 50 661 430 565 486 943 69 629 497 618 403 783 71 632 298 607 17 575 14 553 215 617 390
384 911 263 754 115 873 407 648 336 525 20 672 171 528 153 770 263 806 165 774 180 610 162 856 441 828 119 576 96 749 96 669 269 513 398 982 244 789 201 864 312 500 164 814 140 603 263 852 436 886 54 779 226 547 453 740 87 737 159 880 158 982 478 539 242 738 31 692 240 816 43 668 228 896 345 556 226 911 361 790 179 678 47 845 161 734 466 513 296 929 176 789 333 686 262 827 117 639 464 598
687 388 820 447 891 393 985 454 876 456 920 1 665 481 886 291 537 131 556 267 885 432 976 32 682 214 577 173 640 12 811 274 805 196 744 209 811 198 859 443 802 139 583 16 718 249 832 470 898 418 727 306 933 44 928 245 826 184 706 205 903 340 762 345 622 379 668 87 937 128 506 453 904 162 603 467 545 338 933 486 948 307 924 223 597 156 620 36 552 309 509 472 679 160 810 271 827 251 703 256
68 838 92 854 267 822 191 682 51 577 438 859 108 838 147 877 465 810 88 964 256 677 227 973 396 887 167 787 194 582 134 820 250 756 75 911 101 743 184 850 312 993 241 548 408 912 86 528 228 902 232 858 134 765 8 560 246 734 133 506 401 930 408 555 184 928 485 547 4 882 141 906 243 539 30 698 426 971 312 705 308 685 464 750 374 815 338 566 284 792 276 780 355 930 237 746 369 703 56 964
567 477 962 322 525 251 503 445 573 460 858 223 678 251 767 36 636 392 851 58 515 426 652 149 856 482 722 160 931 348 917 92 506 13 884 470 866 404 739 57 793 135 926 350 617 359 547 16 737 97 807 324 966 75 780 277 592 89 786 5 503 489 584 492 885 147 786 55 669 179 798 378 787 353 724 235 719 173 810 453 972 360 841 96 638 384 774 267 555 497 674 62 504 334 577 364 820 233 881 156
211 599 215 603 397 600 322 844 377 859 366 868 348 907 409 983 315 796 52 745 330 537 333 722 51 680 420 779 463 565 472 581 200 960 332 657 157 821 163 895 102 510 445 793 143 532 200 992 284 848 140 853 376 977 43 741 460 886 317 827 227 965 187 555 139 556 463 716 401 633 12 792 159 632 488 964 125 865 57 635 311 943 324 888 220 857 117 731 358 793 231 806 435 947 135 749 209 716 53 572
951 310 539 293 656 301 707 236 768 480 612 197 793 402 805 109 592 345 678 293 874 217 660 5 863 373 531 391 614 302 578 88 806 394 672 400 980 336 754 271 657 203 726 248 513 85 559 389 868 489 791 330 820 13 586 119 615 369 900 441 909 86 670 349 555 451 774 56 920 382 985 495 545 260 746 126 653 231 930 189 866 5 519 98 583 185 815 254 867 162 597 84 763 96 753 363 944 163 573 349
292 534 308 597 3 681 261 803 373 636 310 867 351 649 186 882 144 618 393 564 227 855 54 823 415 578 139 698 482 712 293 936 475 541 387 832 11 841 430 661 367 990 323 915 268 957 477 717 243 684 209 890 184 786 108 562 351 667 340 710 478 796 39 796 162 719 338 622 269 639 70 782 441 746 357 787 368 661 475 947 43 734 475 624 188 714 26 734 0 865 452 630 219 753 383 805 49 995 316 609
517 201 740 129 756 350 655 141 887 493 841 196 985 377 791 453 977 486 641 206 513 440 530 79 909 241 556 176 887 389 803 158 636 238 956 135 587 126 647 338 837 349 594 305 725 376 541 123 710 356 568 146 812 417 708 141 760 251 810 28 853 162 925 53 920 142 703 243 667 437 739 294 678 193 774 125 542 428 981 48 867 63 587 314 906 307 744 160 565 410 898 273 755 229 943 5 915 185 752 497
92 668 353 932 366 786 98 668 149 728 231 597 57 903 407 847 450 923 376 508 218 928 499 779 296 727 253 959 236 559 360 701 81 842 11 762 394 982 454 523 42 509 442 782 170 936 87 692 6 521 486 868 373 872 65 699 221 624 219 888 339 559 158 716 399 896 486 842 277 914 300 972 400 718 204 818 120 826 460 721 251 692 335 641 188 946 241 984 326 979 61 845 96 723 50 805 350 997 482 561
611 355 538 181 808 352 767 42 902 153 577 439 988 385 555 11 917 249 683 194 610 121 867 429 703 402 901 308 821 258 835 379 852 383 596 26 562 210 568 342 556 377 899 292 651 207 814 449 883 71 729 70 910 249 793 175 841 32 890 289 793 311 753 155 888 315 929 158 665 285 720 354 546 14 729 451 761 175 580 13 703 387 921 78 705 400 699 414 629 65 865 9 765 311 608 114 927 176 741 456
322 517 497 562 332 816 95 849 441 744 109 629 83 985 147 728 21 781 84 927 186 517 31 743 243 862 288 837 10 520 173 603 24 701 392 625 30 663 286 796 408 766 200 550 477 833 410 820 183 821 278 698 174 589 168 999 377 573 432 773 467 825 244 500 376 653 69 612 393 607 421 606 198 955 251 904 275 979 434 792 438 587 255 818 345 863 131 546 427 568 46 721 432 649 435 729 218 730 476 587
580 184 884 38 898 65 832 302 671 363 888 422 676 124 565 237 981 264 552 335 678 446 880 35 996 182 613 329 894 288 973 270 623 118 848 101 677 216 885 325 692 85 851 169 650 251 938 173 683 296 912 442 782 495 844 269 735 114 838 112 651 278 799 165 810 313 544 381 611 361 768 266 699 345 848 262 971 393 803 267 708 39 754 291 891 241 996 401 921 435 979 291 502 264 820 331 649 402 685 381
363 979 278 802 34 747 362 896 185 905 40 634 243 781 274 803 216 557 105 991 303 607 55 537 362 724 162 737 496 767 482 725 314 551 171 976 362 756 345 503 217 636 433 768 92 759 17 677 398 717 143 817 311 964 374 934 188 523 171 515 76 513 260 926 484 593 467 519 456 886 430 599 186 654 106 807 91 827 182 841 392 501 342 593 7 745 121 862 356 632 105 889 163 833 74 931 164 596 2 998
795 290 836 405 686 74 971 320 876 38 930 0 647 292 654 220 542 238 920 366 742 208 821 394 647 61 516 164 587 236 592 490 991 76 615 23 922 280 807 87 959 113 780 380 671 427 843 318 600 474 758 9 785 74 771 439 767 206 583 105 913 78 781 118 728 168 552 416 505 189 540 279 933 294 820 400 888 101 704 487 581 379 831 251 642 207 707 304 583 313 726 215 937 362 568 160 654 403 863 169
388 849 16 738 277 919 327 505 273 955 67 506 482 860 303 889 100 774 93 573 51 816 210 841 84 639 95 718 106 627 163 712 395 695 21 866 166 922 8 697 335 533 398 853 185 557 135 994 120 789 17 505 252 717 114 732 210 657 192 522 430 813 216 936 437 680 85 844 422 929 232 599 225 714 215 766 8 702 419 770 26 996 183 546 372 650 290 770 246 746 337 585 292 990 175 501 427 963 405 924
513 262 990 55 844 114 596 133 542 263 950 409 877 204 771 474 921 277 947 169 657 107 544 498 871 388 671 348 705 328 833 5 585 131 755 225 724 182 594 408 695 51 788 180 718 216 748 434 970 328 816 384 623 323 886 368 599 41 772 499 995 461 881 72 519 214 810 38 904 73 989 321 995 228 869 142 873 317 904 69 627 101 930 100 795 279 767 390 792 19 531 169 564 387 857 169 804 149 623 141
497 709 14 797 146 509 346 651 321 687 309 869 412 719 72 563 190 734 115 953 467 660 395 503 280 953 161 792 227 507 307 859 483 643 254 536 421 531 127 752 199 977 172 524 138 953 414 807 131 821 242 877 402 966 473 691 485 789 249 709 40 819 209 646 489 825 380 850 26 656 311 744 303 784 121 611 303 741 13 720 352 735 8 801 279 631 196 892 109 871 129 659 255 895 333 664 381 555 395 743
663 237 806 455 772 355 617 322 849 478 932 184 827 462 596 83 877 305 688 342 556 280 616 316 744 142 616 328 696 440 715 318 831 486 637 261 631 451 590 313 903 47 988 297 676 134 580 205 756 102 646 81 592 487 808 494 824 15 862 147 569 317 979 320 846 483 915 443 564 15 584 363 573 130 972 186 504 236 703 164 812 401 865 446 523 53 535 309 605 88 737 127 934 33 721 261 812 352 668 64
490 907 309 561 399 854 292 703 339 976 176 627 445 718 170 592 153 554 74 883 165 592 80 767 367 625 491 864 282 833 389 800 118 669 428 927 109 615 185 721 181 517 400 548 364 992 156 692 31 601 97 506 147 823 164 868 90 708 326 655 186 539 13 996 372 678 193 969 352 945 307 819 333 671 324 513 107 845 224 584 205 910 356 895 311 929 231 535 52 631 114 880 402 700 137 942 219 717 443 846
710 48 692 465 603 303 542 495 988 436 537 326 739 110 631 54 741 94 920 497 772 177 932 244 937 469 832 373 932 32 652 95 605 384 838 12 789 101 891 190 806 293 955 194 884 41 614 279 533 386 924 10 504 215 798 403 603 119 755 6 766 327 594 461 976 421 761 279 561 40 723 458 757 264 599 210 845 146 981 125 792 369 790 332 737 340 772 360 996 404 981 347 999 71 898 453 999 139 824 174
160 533 173 946 433 860 256 652 366 710 272 609 161 991 351 897 47 781 360 572 388 549 210 814 85 855 184 910 290 738 491 809 285 619 59 667 459 951 438 519 262 628 198 575 163 848 486 880 9 834 49 563 112 731 475 810 344 908 136 718 346 618 51 653 69 639 228 665 125 824 302 891 370 841 21 703 136 556 475 633 328 614 235 581 446 864 31 852 361 658 498 507 449 951 263 769 288 632 39 876
553 359 863 29 529 280 943 165 743 147 947 113 984 489 853 434 964 134 606 378 888 172 854 94 633 25 683 169 817 443 930 284 906 72 726 136 800 182 874 440 865 149 929 110 520 236 953 13 673 435 813 443 837 371 500 462 865 328 652 417 850 199 975 416 688 415 662 200 511 286 908 281 900 114 778 355 521 411 881 36 765 61 936 435 979 114 636 166 917 16 810 422 852 69 836 45 835 4 832 145
130 565 494 612 150 591 413 577 226 501 62 525 313 799 29 751 271 897 297 585 369 862 147 515 122 580 291 763 240 584 487 728 376 915 40 653 462 690 39 638 428 851 332 828 179 512 435 830 476 737 369 824 350 528 197 685 154 697 213 725 421 901 295 668 306 726 222 515 252 804 322 541 415 716 123 859 361 602 63 692 491 626 222 627 354 551 444 630 88 552 482 569 244 632 297 601 79 701 440 636
552 361 837 414 731 369 595 364 709 388 895 297 560 27 549 150 803 16 907 28 734 100 930 29 500 497 648 8 664 58 546 66 614 82 789 141 651 113 820 444 881 465 899 202 762 241 767 304 880 157 838 266 902 377 841 106 613 460 921 440 613 341 759 249 950 385 500 235 920 385 878 375 704 99 657 334 583 363 554 14 608 51 722 445 788 476 810 172 859 122 915 413 570 103 577 327 837 168 558 287
293 560 429 993 86 733 276 825 136 854 431 876 306 639 494 643 462 565 183 622 298 601 266 672 18 904 274 902 345 917 254 938 251 755 364 885 400 539 341 944 164 962 62 638 323 831 199 547 77 647 143 714 110 798 11 967 241 875 460 952 284 586 164 794 462 833 141 624 476 972 54 510 349 845 243 788 372 993 308 854 428 958 9 610 276 574 57 732 45 601 461 787 221 873 157 701 378 703 170 531
804 478 991 187 552 318 969 17 586 115 865 473 901 380 766 263 935 263 557 43 868 229 726 123 881 456 692 107 914 117 912 327 539 52 694 167 608 171 634 274 952 423 907 169 977 22 795 336 739 6 630 438 663 120 891 38 694 69 605 2 762 74 620 199 733 250 890 343 654 28 877 451 802 151 593 45 748 55 610 279 960 336 804 275 573 5 824 82 541 258 517 148 716 6 872 165 770 0 648 146
258 934 377 624 8 833 488 966 341 664 328 938 254 723 288 601 431 517 133 752 407 609 447 756 138 586 433 766 294 970 382 748 427 909 323 704 138 532 475 515 205 908 137 566 257 613 273 545 389 783 298 892 499 600 444 626 413 666 287 526 402 776 108 818 38 908 432 812 172 639 434 560 184 936 233 627 282 632 72 577 478 836 119 822 305 962 215 743 244 765 381 913 416 858 309 635 471 732 214 948
771 348 814 189 933 279 523 233 584 366 708 311 955 143 787 85 853 122 625 414 728 119 889 226 690 344 833 319 925 188 818 144 621 290 590 454 761 183 777 403 602 138 937 354 516 65 924 478 907 410 953 167 573 18 542 499 599 323 649 122 945 372 764 8 560 280 939 396 639 476 874 322 846 59 832 87 964 450 940 105 924 89 963 358 942 435 983 306 875 269 668 165 771 186 640 303 791 436 944 58
288 971 369 994 268 555 257 925 28 785 165 602 90 807 180 720 412 832 126 536 118 511 486 903 398 927 158 718 26 873 313 953 488 904 72 895 430 777 74 540 91 582 441 536 275 912 119 564 179 581 37 604 237 869 340 576 467 962 169 521 22 687 131 903 463 714 41 596 353 904 469 808 371 854 397 589 2 903 101 707 82 701 261 592 158 719 329 705 6 684 23 756 441 834 322 838 196 749 377 927
930 154 666 86 710 193 633 259 799 326 941 63 550 341 855 270 731 438 562 304 706 244 955 362 745 362 796 278 856 422 768 26 680 446 908 341 672 274 781 335 666 76 983 134 747 121 705 51 931 268 750 392 964 359 856 265 537 359 907 45 614 233 842 381 507 392 635 429 939 169 577 56 711 129 976 11 880 496 716 178 926 366 746 282 523 472 727 307 861 105 807 437 815 153 687 190 739 444 772 171
368 752 269 632 463 981 451 867 474 950 240 933 188 881 120 660 313 801 469 712 69 792 331 725 3 619 491 823 352 658 266 865 350 920 165 505 405 732 341 908 413 560 408 950 109 539 335 940 31 810 336 858 489 576 255 653 481 938 386 622 147 878 277 573 131 647 240 772 20 806 77 836 428 737 10 626 370 942 188 813 208 640 53 547 349 773 484 714 86 751 60 961 254 572 230 611 380 901 480 793
526 483 963 155 916 290 989 101 606 44 790 72 934 311 680 213 930 183 645 343 510 461 832 68 691 440 865 181 969 309 811 119 610 104 608 223 548 51 708 235 588 107 786 431 606 26 841 470 543 38 878 412 557 277 796 341 593 490 780 373 561 428 647 396 953 491 515 242 565 99 657 291 946 481 854 121 695 341 559 338 795 98 864 458 822 54 862 498 904 70 762 270 737 286 998 94 717 457 885 195
419 683 266 838 44 716 173 618 175 561 196 523 409 871 27 667 397 861 431 572 488 812 332 801 108 585 217 814 396 710 481 951 22 938 172 688 216 794 252 923 323 834 399 911 182 722 49 678 296 549 319 867 45 812 276 701 155 744 144 715 313 546 39 856 125 600 127 813 147 841 330 551 246 695 303 783 331 897 12 944 213 991 455 935 360 738 150 694 386 861 491 775 52 706 172 752 341 630 463 597
510 368 836 378 658 333 658 127 977 113 972 422 788 211 721 59 944 342 776 48 553 8 522 60 749 48 939 15 645 328 616 415 652 430 773 400 996 391 878 331 794 298 640 177 579 256 997 480 512 400 956 312 763 378 785 295 772 357 769 331 671 137 626 200 640 329 865 310 535 326 936 166 672 337 748 333 912 150 773 366 858 297 862 108 908 155 879 480 653 58 657 306 832 222 977 480 652 68 521 59
36 545 236 761 326 880 181 916 103 734 304 673 109 851 425 615 194 802 18 559 57 797 455 627 247 915 393 811 124 710 164 759 103 709 266 716 32 865 290 696 170 788 162 605 386 771 225 502 15 667 104 939 350 723 144 638 334 786 325 628 246 645 183 775 364 629 330 835 150 630 460 556 491 895 274 757 83 813 335 507 460 856 363 857 234 997 136 716 6 946 11 936 468 540 189 778 310 590 224 874
581 153 782 104 618 444 594 474 906 418 830 317 548 62 913 353 636 401 673 140 690 105 957 435 800 207 506 16 569 192 936 108 955 288 608 45 684 310 960 276 694 496 979 288 832 291 599 35 685 65 653 178 903 279 944 261 872 122 507 137 839 190 917 194 706 313 771 410 621 325 557 351 570 85 617 73 608 367 689 250 911 0 892 223 989 297 625 426 639 37 787 78 874 156 569 460 777 438 734 259
405 783 397 970 57 519 145 778 227 937 347 808 251 769 221 618 316 791 22 777 397 600 135 802 423 763 14 806 212 865 210 852 483 889 248 971 204 976 301 746 262 774 181 695 242 718 180 615 287 868 76 603 47 827 338 865 105 611 350 755 35 660 206 622 264 982 406 712 28 606 140 946 289 749 247 792 123 769 74 946 70 692 459 848 99 822 193 868 65 975 295 692 451 937 278 840 140 504 447 637
930 115 995 408 855 239 981 158 970 216 938 44 883 392 655 28 663 349 682 138 555 487 742 285 594 39 587 158 534 95 767 76 704 281 712 355 681 424 606 35 587 94 520 172 876 212 887 166 853 264 824 303 566 496 523 390 754 138 692 309 911 392 770 343 748 498 739 427 987 366 896 177 686 271 617 94 565 43 757 172 571 187 940 151 747 210 686 311 530 285 950 287 530 342 787 420 741 237 899 116
200 920 165 869 327 806 421 618 436 538 56 936 76 534 472 563 422 612 415 779 482 782 56 975 460 566 332 800 135 657 296 579 145 776 439 751 331 581 426 917 27 988 163 614 373 994 348 638 450 515 70 679 106 536 338 702 465 604 247 958 419 556 303 515 222 658 68 582 209 511 59 686 182 674 419 856 280 769 423 860 80 586 483 659 38 647 49 758 77 595 306 829 239 953 363 573 398 811 189 619
681 196 593 61 763 203 521 132 835 44 577 178 583 162 945 191 867 391 701 338 543 199 607 20 989 259 788 283 750 423 894 482 543 140 502 191 792 300 631 484 708 347 603 398 961 386 882 182 539 464 548 26 920 153 871 472 712 312 779 243 666 197 811 487 823 439 598 211 517 344 946 162 957 411 820 187 704 431 952 338 844 34 880 426 543 453 662 61 620 499 823 401 949 418 568 302 697 337 799 413
128 804 454 538 365 782 152 874 36 693 229 585 449 997 341 935 13 638 300 802 229 588 173 791 384 753 221 678 82 862 203 985 175 531 239 618 484 601 80 577 270 919 175 956 178 801 22 792 2 945 77 685 159 927 200 751 346 903 306 529 448 866 310 740 378 578 261 792 235 905 200 978 230 833 327 850 183 770 71 646 261 521 177 564 442 788 441 708 341 987 94 537 205 905 219 857 210 749 399 981
700 408 750 68 884 152 945 29 889 328 589 375 508 343 679 336 811 215 555 486 858 277 847 486 652 319 930 60 787 467 643 497 633 116 808 132 619 320 605 267 570 59 983 245 784 46 509 61 733 292 918 42 832 431 711 442 613 412 704 478 613 156 927 292 765 111 762 320 708 304 911 313 876 239 649 259 852 35 705 290 575 7 707 63 557 191 543 307 977 256 841 26 503 329 529 393 548 63 875 255
358 720 463 618 370 556 132 586 498 669 365 513 428 760 389 945 210 761 472 759 22 523 351 716 10 554 459 761 482 966 191 569 31 593 72 576 72 618 256 761 466 841 123 876 45 855 264 836 222 798 396 963 250 534 368 508 450 630 210 980 315 862 343 527 412 999 348 769 262 982 215 532 126 706 124 824 139 784 321 761 215 809 436 710 460 719 128 715 266 574 243 538 367 678 438 936 124 973 174 990
653 78 663 243 696 117 848 344 815 347 880 311 638 491 576 27 515 267 653 208 535 325 840 183 839 45 593 336 693 176 817 67 747 163 900 119 956 470 587 262 695 64 960 455 958 452 756 5 714 274 870 495 840 432 950 254 538 301 655 235 776 3 914 400 978 201 593 475 592 180 801 8 569 276 881 23 765 391 695 25 502 337 540 321 754 310 836 204 796 457 572 362 928 251 990 216 752 85 626 183
178 535 438 607 412 533 439 521 320 704 483 739 80 538 157 597 245 924 124 853 101 504 101 816 66 507 315 537 331 789 160 767 382 752 150 639 408 976 259 704 118 896 191 878 113 730 361 971 428 745 153 665 417 784 453 701 422 668 286 949 211 847 22 696 458 647 288 803 201 853 93 833 256 527 438 548 375 766 435 707 341 818 374 815 72 796 341 990 483 829 103 908 18 625 369 861 36 511 170 929
700 433 868 490 506 152 970 79 812 20 503 110 721 178 709 132 631 76 552 422 543 175 501 276 897 221 972 106 512 217 522 375 556 186 592 337 631 355 989 280 619 462 950 167 615 118 792 124 740 52 534 193 523 222 606 451 889 397 719 184 996 300 538 474 548 293 581 374 585 126 880 43 792 270 927 274 665 342 833 139 761 336 752 67 714 168 777 134 925 47 855 462 749 496 552 217 942 47 892 375
89 674 187 675 316 742 458 736 396 633 118 797 461 772 49 945 278 608 465 833 321 789 171 968 478 851 309 946 61 890 81 918 382 694 422 725 237 857 204 751 187 803 168 573 400 884 398 834 375 820 440 904 201 613 144 778 421 515 337 523 113 896 35 998 414 815 485 565 109 610 193 717 419 765 391 784 439 784 486 538 415 908 496 930 453 781 77 685 383 584 128 957 199 783 486 648 213 896 448 855
759 439 507 70 776 179 643 38 728 368 653 102 800 98 855 45 913 79 522 24 888 367 782 360 769 433 763 258 985 319 787 27 555 35 980 200 661 56 588 31 957 176 908 117 830 127 579 419 898 454 524 375 507 95 735 463 661 364 905 234 588 456 993 408 689 457 916 45 979 368 701 458 913 244 606 435 727 13 589 476 906 422 694 71 945 217 966 420 838 102 816 463 998 56 544 255 933 47 742 61
26 649 188 588 132 972 44 688 269 500 197 758 359 574 241 723 185 576 405 693 356 966 449 710 1 898 302 720 247 928 102 778 485 592 392 818 458 520 213 937 208 783 235 595 432 792 440 559 321 581 367 959 131 915 263 586 7 507 485 987 196 608 137 822 205 656 156 665 207 888 490 789 390 611 3 664 405 727 115 799 238 648 431 578 131 935 311 831 108 947 95 844 399 818 146 784 58 802 386 792
871 412 874 428 809 435 604 33 815 287 599 412 863 448 818 389 837 189 912 137 961 413 625 14 624 120 682 40 895 5 516 157 947 93 845 355 713 160 828 382 968 168 720 317 826 377 681 413 752 237 546 465 550 21 599 130 695 169 692 131 885 134 779 202 690 357 848 328 939 349 929 239 618 166 692 434 972 124 858 338 795 226 634 310 579 280 637 168 928 269 628 136 684 16 563 464 699 377 834 26
215 699 129 515 496 981 61 808 420 753 106 912 304 886 384 928 95 610 107 616 419 532 107 819 395 905 436 782 376 694 415 806 125 894 270 967 190 576 339 797 463 647 417 511 334 640 138 528 207 806 73 513 85 766 496 748 479 741 266 515 113 890 356 638 96 540 469 771 16 610 433 680 189 879 330 778 410 932 479 548 399 589 330 668 440 731 296 704 224 885 133 610 412 558 4 632 309 936 447 742
950 116 795 314 622 304 579 274 702 266 672 2 570 354 760 153 726 11 538 154 629 308 504 440 726 243 508 443 608 112 586 138 872 43 782 389 645 215 779 103 952 66 991 234 861 362 930 12 586 422 942 110 559 271 705 437 980 39 639 360 556 8 827 61 815 99 605 155 738 107 953 401 634 492 823 166 903 460 555 157 536 164 741 185 637 178 591 333 865 12 790 37 534 429 601 488 818 260 588 263
351 653 143 804 258 724 333 600 209 821 488 791 81 974 498 522 285 988 221 755 325 688 484 705 273 883 378 787 308 742 312 782 342 844 159 923 167 610 344 755 227 988 62 835 171 926 62 877 385 922 332 892 348 521 449 608 398 889 417 577 311 853 265 906 396 877 483 895 157 782 253 568 497 902 423 565 428 609 48 814 93 775 417 548 354 854 114 695 293 728 281 679 403 997 233 710 60 783 25 752
621 24 627 66 862 494 912 437 831 487 864 270 982 359 990 211 708 222 922 225 678 63 600 438 790 391 503 290 571 23 814 458 537 220 814 369 895 73 689 14 783 205 971 476 916 224 932 180 692 127 850 26 716 99 804 3 973 77 992 151 729 345 990 212 995 462 907 157 763 319 902 305 651 341 568 268 875 143 551 97 984 44 557 18 776 259 895 385 753 64 646 428 873 252 849 327 670 107 861 115
219 659 402 591 164 608 484 923 454 635 71 880 439 740 91 942 221 864 443 750 353 853 468 901 468 832 35 575 222 621 361 637 123 533 3 953 155 999 174 820 258 589 363 774 413 501 469 501 60 605 437 904 245 786 215 955 414 694 295 996 3 825 210 778 403 558 132 510 141 872 182 783 78 636 473 746 158 690 418 711 329 687 177 961 201 501 418 972 282 522 259 530 237 904 484 895 382 838 176 692
916 32 825 8 707 178 552 346 991 75 886 461 719 469 847 13 821 344 714 422 633 91 570 72 957 32 548 342 692 100 636 376 726 80 703 444 741 251 939 264 554 308 919 478 795 312 527 270 754 132 634 341 698 182 931 187 761 74 513 206 539 445 501 122 590 414 862 298 571 356 804 357 541 292 998 214 769 127 917 238 854 342 866 447 591 174 531 355 539 375 804 347 653 472 689 442 984 368 884 458
407 808 425 725 395 765 409 821 197 779 280 906 111 525 443 958 342 780 3 820 46 989 332 586 11 558 369 848 197 676 265 708 34 624 371 840 104 726 7 620 86 860 470 798 324 772 248 937 411 719 373 825 466 662 313 569 224 566 341 519 203 928 16 913 79 776 450 881 308 767 473 730 36 885 337 822 401 553 102 881 63 568 314 951 423 924 364 723 153 765 237 696 424 539 473 532 128 755 90 845
883 308 510 215 885 34 931 49 854 426 812 212 638 254 566 486 510 405 864 297 862 122 957 155 831 240 969 70 909 141 771 432 769 377 526 484 675 312 910 253 708 357 654 344 524 282 601 10 785 315 658 117 942 102 697 443 548 189 859 333 508 459 685 318 903 298 726 348 634 139 711 204 717 349 729 205 764 399 982 291 886 72 689 426 978 100 972 18 711 161 915 351 903 37 852 206 948 239 921 451
0 530 78 731 299 861 464 977 295 994 319 708 104 522 305 576 286 621 348 970 152 531 222 987 459 674 483 709 484 981 200 985 211 838 47 593 305 719 296 810 352 934 75 750 427 695 443 967 237 853 491 508 251 977 344 806 495 683 212 971 347 878 130 999 179 894 130 819 83 798 196 699 489 636 69 609 87 950 295 532 212 575 399 604 169 994 236 507 492 959 341 860 221 843 59 528 374 919 267 862
957 390 953 61 595 372 911 129 996 206 911 118 579 467 926 261 689 230 894 182 990 279 688 292 883 148 840 320 565 16 738 396 715 107 909 54 869 325 615 481 523 225 513 362 617 10 565 9 887 453 670 163 564 458 627 50 991 61 633 440 859 286 506 257 554 277 919 392 669 51 678 47 894 18 661 34 599 320 564 178 523 275 901 246 555 293 843 71 999 307 500 110 566 192 565 171 824 192 884 490
396 615 260 745 259 701 370 932 276 984 87 797 405 512 407 580 259 623 172 611 50 504 495 737 327 879 337 704 463 683 18 605 297 629 249 736 485 533 388 688 82 834 330 713 365 744 262 801 39 621 406 566 124 933 294 922 22 798 232 981 146 884 429 516 385 800 305 999 280 752 324 896 66 923 65 592 320 511 189 979 384 999 285 840 213 927 208 647 278 638 420 658 477 518 12 751 248 553 212 968
628 497 525 114 815 471 695 232 940 377 745 468 993 88 709 272 961 436 861 166 512 451 542 302 924 81 583 302 618 487 802 297 898 160 775 449 651 73 594 22 855 18 772 147 720 360 526 135 541 174 778 14 879 452 806 411 972 238 835 418 574 431 815 339 744 441 575 185 855 50 745 10 664 10 678 180 611 448 947 409 659 391 746 348 649 409 512 455 519 383 751 462 764 72 870 494 764 84 589 171
231 829 19 699 223 569 337 916 290 696 42 849 229 529 186 690 96 591 212 771 111 793 403 794 114 775 301 725 309 505 343 590 146 971 465 727 469 583 48 553 70 751 297 873 390 926 496 687 4 674 90 739 187 904 24 790 82 791 94 845 35 508 487 998 349 804 59 500 432 540 312 902 399 853 170 991 26 796 115 615 450 745 497 542 295 788 142 923 377 897 198 982 94 597 241 779 71 566 46 739
558 396 755 140 505 275 647 304 693 33 585 471 542 121 599 74 807 389 751 256 662 72 605 388 707 60 960 330 613 392 980 255 766 248 925 249 763 49 797 248 800 87 506 330 536 313 614 325 687 68 794 2 570 421 980 339 988 262 748 218 955 32 842 394 555 350 685 276 670 14 536 362 825 425 830 468 963 401 784 460 636 199 924 11 801 412 657 154 955 113 886 348 997 162 835 266 620 163 739 9
129 895 84 628 370 614 406 785 283 671 467 930 81 639 239 901 342 968 412 919 23 994 341 766 382 715 237 536 234 672 391 860 141 935 121 768 426 632 146 546 458 628 132 533 173 745 330 779 18 845 231 784 295 537 6 830 210 951 79 964 10 875 87 950 30 675 207 843 217 654 404 626 466 903 219 543 154 939 370 698 249 932 305 641 202 990 72 695 315 725 140 534 189 537 444 938 348 990 85 956
543 224 839 409 732 133 688 201 924 6 858 173 658 353 978 360 601 482 779 242 535 461 574 101 529 331 928 317 726 309 753 477 525 125 656 324 679 73 647 219 517 79 695 260 670 143 625 443 909 47 784 45 503 188 779 70 892 215 786 245 701 499 521 444 737 431 625 42 784 181 664 340 642 440 880 255 881 267 720 199 731 338 826 394 834 150 525 293 529 31 903 108 892 489 735 306 917 213 790 339
75 837 215 925 380 731 129 858 342 872 237 944 118 872 110 521 273 630 262 646 248 917 254 910 304 891 481 899 316 599 18 971 459 606 408 939 34 818 27 998 86 979 101 862 430 863 167 596 392 797 75 976 458 891 479 869 73 580 216 734 438 733 405 987 21 948 194 903 239 515 425 934 208 555 120 640 471 513 157 669 2 814 48 637 413 915 411 583 150 556 124 793 263 635 103 538 89 946 7 820
654 369 752 207 638 433 810 264 781 356 781 491 660 362 801 275 811 111 718 439 508 224 945 382 943 225 709 108 602 132 733 493 764 243 899 476 925 444 747 248 908 142 942 307 994 92 538 174 527 422 946 169 615 212 539 390 615 375 963 186 829 67 525 373 746 31 778 353 852 269 623 365 725 253 821 31 919 85 634 40 849 159 797 270 706 275 510 105 517 293 788 167 566 127 984 317 649 392 514 366
333 743 182 718 427 715 141 817 272 629 71 588 209 972 331 669 127 634 178 778 247 971 420 851 184 751 228 893 267 829 134 527 157 675 340 901 189 946 403 640 349 814 200 989 167 872 311 502 39 520 498 758 40 929 468 502 128 880 50 676 90 760 455 829 44 528 260 964 341 636 106 605 137 811 80 548 171 891 337 786 429 897 92 829 280 671 135 577 498 609 250 580 341 748 280 695 145 911 448 860
895 440 994 271 569 134 688 360 794 260 558 399 695 231 718 487 779 122 561 495 969 203 699 167 704 29 978 158 533 228 590 344 705 73 735 162 725 207 525 335 983 497 725 207 925 383 898 204 746 236 883 488 970 45 943 114 572 279 815 432 611 42 644 222 640 289 623 278 684 15 929 195 586 381 719 362 857 384 942 367 875 354 852 345 601 264 877 248 583 94 898 387 700 401 592 216 653 207 615 456
295 506 221 513 355 784 435 926 381 784 335 949 316 800 325 820 121 591 316 883 359 677 488 799 44 875 467 519 491 955 497 915 90 623 401 557 146 578 325 925 73 919 357 518 164 743 273 912 279 803 90 633 391 686 287 942 194 897 25 595 350 981 172 971 264 591 489 575 435 615 302 990 326 598 260 662 91 801 405 774 223 839 313 771 442 780 411 790 320 925 498 808 202 841 37 825 102 937 257 986
899 323 553 358 704 432 616 220 689 359 604 172 716 96 654 177 779 443 767 134 887 363 854 177 899 414 583 363 667 157 712 32 772 170 519 315 791 410 529 318 706 126 738 164 995 362 725 415 803 287 763 258 570 182 817 439 913 82 819 303 941 381 772 251 628 320 575 371 726 224 779 406 943 192 732 177 555 163 554 0 771 201 840 391 931 23 802 382 725 476 848 381 721 410 923 235 726 469 877 150
30 949 405 961 95 659 153 952 362 670 241 665 8 607 277 872 19 837 171 710 402 820 282 787 126 679 247 918 282 893 470 858 355 905 37 746 405 793 177 743 409 741 454 850 61 738 10 877 261 513 42 550 308 978 186 751 54 818 370 906 461 788 257 857 136 501 233 711 267 608 345 681 175 645 441 931 253 758 300 915 358 838 169 716 411 754 147 676 342 955 373 988 337 803 163 574 470 977 19 822
868 266 825 234 862 369 790 195 602 47 683 488 718 389 574 254 979 476 677 463 646 167 833 164 532 416 639 22 740 448 817 424 605 77 891 311 943 485 612 352 740 393 681 423 908 334 714 177 820 185 649 91 805 357 664 494 868 160 545 87 712 55 800 33 688 92 974 19 533 39 513 172 941 49 713 261 633 83 589 168 595 83 539 236 531 350 867 86 647 243 674 295 891 445 712 116 759 458 875 242
26 908 183 520 422 729 340 659 485 659 227 801 98 855 133 538 98 594 197 547 148 718 349 954 488 826 181 591 340 529 44 780 351 958 44 535 36 738 428 782 275 828 324 970 451 745 382 978 124 652 296 818 396 587 319 974 193 540 135 616 117 848 484 582 243 569 398 683 474 889 32 874 124 846 256 600 405 761 407 531 330 676 467 819 97 959 391 729 135 809 22 812 201 878 452 707 292 580 42 898
652 432 857 129 852 454 803 327 724 180 666 229 887 447 781 145 513 11 730 78 505 421 577 458 941 445 611 31 543 492 980 381 710 456 894 153 718 344 520 78 813 468 567 76 680 77 652 414 886 121 914 174 656 69 842 228 963 4 750 423 735 225 796 356 824 478 572 157 947 235 809 359 674 30 692 497 777 77 578 96 694 27 718 251 500 468 891 400 536 147 624 474 785 466 690 438 671 52 586 357
175 904 200 908 381 555 324 935 438 555 49 672 180 699 123 791 117 807 38 555 461 622 362 944 121 895 409 733 109 936 148 650 33 894 11 622 204 681 320 914 2 813 43 773 244 687 27 517 242 621 229 601 333 585 234 501 438 941 255 867 20 708 363 539 82 810 452 608 461 737 450 823 17 584 409 625 267 645 182 858 240 867 45 981 248 888 399 546 129 523 367 905 135 558 222 696 489 995 256 836
687 128 786 213 581 407 659 86 895 107 763 153 770 405 802 313 674 227 650 70 630 458 604 126 710 65 730 217 728 110 723 140 599 104 987 492 676 351 841 309 510 256 886 230 681 326 844 107 651 178 741 193 920 110 895 108 821 496 886 215 793 222 817 45 903 23 801 352 782 235 571 366 799 291 544 413 801 378 703 128 568 1 824 496 872 370 677 169 853 421 706 309 700 408 742 463 897 207 860 166
465 621 288 509 66 542 488 603 9 939 95 963 24 592 306 526 434 903 356 586 256 811 363 547 302 923 362 614 243 574 341 709 7 873 286 605 59 572 147 991 42 578 376 954 362 571 19 899 197 792 425 615 208 517 192 930 83 772 360 601 355 975 420 945 100 596 200 891 10 684 227 701 448 701 2 575 476 650 411 519 46 545 132 927 444 797 230 713 183 643 282 969 160 709 276 694 46 565 329 863
955 16 595 361 662 348 872 31 705 229 644 59 593 152 653 64 528 150 616 260 677 54 571 322 858 330 673 417 855 457 922 373 823 339 649 44 533 270 996 450 750 196 671 94 509 490 640 240 652 468 675 231 958 376 582 424 862 153 772 65 699 364 972 329 949 341 829 9 781 400 944 232 713 348 678 148 815 58 896 468 924 127 769 263 517 475 764 138 890 21 756 127 748 309 957 134 749 62 955 480
181 957 165 872 272 991 32 950 79 877 247 756 41 610 77 743 367 872 382 833 84 912 453 957 303 940 266 641 79 734 8 562 114 526 179 807 437 706 350 502 56 634 328 747 185 819 484 671 476 562 278 606 291 621 236 973 411 538 379 898 103 940 40 518 464 658 59 661 314 605 47 703 371 659 162 886 74 797 56 559 340 581 333 762 498 588 337 631 466 791 340 537 293 906 469 988 142 834 419 754
970 9 979 30 932 360 570 393 819 128 941 288 958 262 587 444 500 381 758 5 717 34 713 385 698 343 922 32 613 286 695 49 709 396 627 489 518 266 917 356 788 360 674 221 966 265 891 94 718 480 753 125 588 168 809 495 672 187 592 147 633 285 749 440 588 36 923 214 770 324 873 171 545 173 723 151 562 209 507 218 693 353 782 234 650 72 678 63 993 431 953 424 861 19 640 5 645 351 805 36
107 855 135 617 119 575 449 704 468 675 374 634 434 811 316 828 456 719 158 505 136 693 341 868 170 989 324 553 474 742 204 792 218 999 303 727 460 527 247 950 69 506 383 630 444 772 291 660 313 912 35 721 233 966 434 909 175 915 392 691 206 758 405 980 459 891 101 677 438 815 442 856 380 687 440 800 394 832 220 513 91 892 215 886 289 854 455 581 170 888 417 793 189 830 374 931 322 611 188 935
760 80 936 371 722 169 703 30 586 357 710 411 943 454 767 449 774 117 881 295 628 276 636 117 879 229 570 373 630 29 886 81 726 314 948 98 991 161 622 33 756 452 830 226 684 343 503 434 802 155 758 111 824 372 959 292 716 73 878 435 692 98 546 122 728 305 995 281 834 387 907 177 502 9 787 91 924 10 548 337 803 241 930 486 844 496 899 306 532 376 725 472 827 116 651 151 670 242 848 308
168 546 447 686 493 616 101 597 248 776 7 921 435 541 380 987 385 731 432 594 220 512 32 896 112 595 195 532 81 835 92 560 5 838 198 775 214 885 241 597 123 841 187 775 325 744 76 602 450 990 182 641 247 772 222 511 387 606 96 668 256 585 181 760 360 504 180 989 340 784 454 605 82 620 291 803 98 827 87 812 157 892 377 992 397 515 7 722 444 974 399 937 130 917 454 708 290 872 453 916
587 390 916 287 697 45 983 181 724 364 996 104 555 122 941 104 818 299 772 432 662 378 992 473 853 9 820 144 599 13 676 68 703 457 964 210 712 485 882 453 837 284 535 50 879 7 858 180 574 179 896 21 789 159 623 273 860 206 786 385 654 259 967 85 952 302 902 275 694 276 898 330 719 388 573 178 671 20 595 235 505 235 976 70 967 124 700 113 876 9 573 458 620 347 893 398 983 241 505 356
119 781 125 745 76 526 21 665 156 965 342 976 332 975 75 898 134 522 495 576 7 844 244 919 461 641 449 776 38 655 265 679 181 657 472 698 199 664 340 598 105 861 77 600 65 626 225 761 499 553 376 792 99 889 327 669 360 856 324 679 223 906 167 516 250 995 240 709 284 560 109 785 219 888 253 535 18 734 423 511 481 748 126 739 311 590 119 503 342 605 423 679 217 888 442 537 379 672 35 622
