12
6 20
1 0
-10 10
5 -5
-7 7
-7 -7
7 -10
13 7
-3 -43
-38 6
-33 7
36 -18
-11 -20
19 15
43 -32
5 29
8 -30
19 40
-13 26
-3 -31
-7 33
36 7
46 -22
17 7
-35 49
10 -28
-18 -1
-18 32
-2 35
-20 18
19 37
-1 29
-32 30
-47 25
-5 12
-42 -20
-16 28
17 -20
-42 -36
39 -26
-7 16
11 -15
-17 6
24 -26
12 -12
28 -42
-24 -13
-19 5
-12 16
37 43
-2 23
12 42
-33 -23
5 -19
-8 -7
-48 -28
20 -8
-28 -20
3 16
4 40
14 -46
30 30
7 19
14 2
-38 39
31 -30
30 -10
21 -16
-6 49
-40 20
18 20
0 -50
45 -3
49 30
-29 -23
43 -10
8 28
28 15
-28 3
25 -5
-48 -17
-15 25
-39 31
-22 -17
48 45
-24 3
-22 -44
33 -22
-25 5
26 6
-25 -1
4 -47
-50 -9
-6 17
-26 -14
-4 -44
10 -34
-50 27
-34 42
-47 -7
-11 -40
44 39
31 16
42 -27
-25 -36
-49 7
-5 -49
-45 -34
39 2
-7 26
-25 24
-2 33
-21 -20
12 8
-32 -33
-32 -3
9 13
2 -6
32 9
-19 -50
-7 38
-20 -23
49 -9
-30 49
50 -18
-3 -4
18 13
42 29
-25 -4
-50 -23
21 -23
16 -20
15 48
15 19
25 32
6 -32
16 -15
-17 -28
-1 0
-2 27
-37 -20
-47 49
-18 -2
-42 -28
27 -48
45 5
44 17
-24 10
-41 19
10 -30
24 49
22 -32
46 11
6 -17
17 22
18 35
7 -20
-39 4
24 18
-23 -39
3 15
2 -3
-5 30
-2 -31
44 32
44 -29
-33 -2
-4 32
-42 26
48 -19
-36 -12
-36 -50
10 24
40 37
43 -35
6 -39
21 45
-39 46
45 -44
-27 -1
-6 -28
-33 -22
-46 -20
47 -19
-34 3
16 -14
40 30
38 13
4 25
18 17
50 -39
1 3
-20 -20
12 15
-10 -13
-15 26
-42 -23
20 -33
23 17
-28 -9
-13 11
49 2
-46 -13
7 -1
9 -10
45 35
