100 100
917 660 380 83 750 506 661 985 709 916 252 680 435 666 335 321 401 103 711 854 194 49 44 245 670 780 973 557 269 554 316 47 938 616 922 294 9 424 567 184 517 184 745 606 442 515 887 113 286 143 709 787 56 257 989 749 738 777 542 534 133 696 986 628 100 390 226 708 172 86 720 628 742 686 368 164 243 666 177 804 161 376 231 507 871 49 707 986 781 491 791 305 237 409 884 289 121 942 242 24
923 86 1 261 77 761 121 381 403 680 417 567 186 130 159 128 123 938 944 722 313 6 199 341 967 60 466 977 680 517 76 194 9 55 219 185 522 780 986 492 51 320 591 876 938 513 508 741 164 36 992 311 541 699 535 632 119 316 370 281 39 28 705 588 890 313 864 892 66 945 614 221 501 139 241 964 165 51 414 0 90 136 392 719 477 714 458 629 167 905 52 784 569 665 390 240 581 314 678 287
381 648 895 681 514 487 727 963 875 106 528 274 677 910 201 29 967 699 491 466 22 747 180 423 25 664 784 787 583 904 716 436 368 326 473 602 297 190 484 857 142 205 783 388 588 875 676 438 577 1 435 258 60 210 309 7 905 470 979 304 902 757 752 629 20 461 44 348 482 913 243 463 939 231 722 905 351 827 597 352 804 685 388 890 34 945 746 127 558 194 684 871 486 608 248 188 301 28 771 556
482 830 88 256 623 762 740 101 75 477 806 901 598 685 530 336 183 701 97 838 199 313 980 552 216 595 521 969 871 145 471 110 790 875 152 742 511 644 949 407 685 325 659 622 890 414 397 806 217 354 495 977 475 599 746 489 587 490 853 286 132 953 78 890 484 516 563 673 666 486 421 824 680 974 174 943 372 339 417 5 878 113 609 772 135 54 942 645 831 398 874 404 367 686 343 322 834 627 7 604
41 97 701 348 707 609 87 699 489 167 542 551 942 186 364 636 359 842 361 667 941 742 751 892 708 754 644 998 802 530 468 190 192 965 659 493 365 993 62 962 23 388 353 656 919 24 458 564 636 682 397 771 665 184 470 695 848 932 656 561 109 269 672 135 706 936 2 451 971 378 978 767 333 809 306 486 898 459 471 162 446 716 158 750 350 201 791 639 330 319 677 535 982 670 5 356 184 703 700 989
689 492 813 464 94 374 778 732 492 203 115 453 978 441 727 868 281 2 978 74 354 131 956 141 654 419 445 638 520 950 633 393 514 507 67 97 727 734 58 458 586 785 370 521 245 499 901 150 248 460 666 204 471 753 677 394 584 366 737 263 764 671 804 734 813 561 802 282 75 889 387 246 365 141 913 343 93 778 747 288 306 174 735 252 243 200 118 273 193 781 816 772 8 189 78 114 796 238 668 551
916 629 576 919 378 425 436 364 600 807 137 68 920 543 552 677 428 222 47 532 384 843 14 52 618 243 325 920 110 382 769 130 134 3 36 802 400 160 867 802 599 481 699 494 379 32 138 780 352 716 471 976 889 978 510 810 621 531 390 608 261 260 681 497 629 722 763 782 574 376 960 8 149 545 497 845 986 782 863 970 569 954 860 545 326 927 91 526 234 738 473 263 640 738 85 119 426 352 381 437
806 327 606 706 484 929 852 699 181 699 991 734 548 802 243 695 483 795 873 697 933 161 743 65 196 52 233 923 838 622 116 458 455 574 687 61 621 158 561 761 708 275 42 652 907 309 94 515 357 751 784 735 96 745 472 763 592 881 404 540 973 27 514 871 568 647 111 157 65 306 266 648 9 903 657 243 577 195 393 446 594 717 453 531 833 540 443 62 684 189 754 439 77 342 673 564 795 689 71 549
230 495 383 173 873 60 163 903 42 624 643 815 222 170 111 128 841 442 240 476 237 820 154 386 749 575 392 641 548 829 577 900 825 79 619 41 797 991 43 558 765 673 286 587 631 321 59 83 124 969 579 936 304 771 549 852 357 823 81 651 72 315 655 83 104 525 144 369 839 29 498 732 593 678 762 862 912 622 737 294 533 456 702 945 282 179 875 680 927 742 483 368 993 839 453 154 65 374 198 293
466 657 819 874 500 896 52 109 762 47 364 369 767 226 11 495 248 257 484 83 90 581 321 904 905 918 931 143 691 667 509 328 435 189 720 541 806 901 92 700 678 855 212 645 48 169 554 133 902 805 191 597 980 170 7 737 864 924 224 119 740 524 810 353 856 659 231 176 989 744 975 647 540 743 419 700 489 920 344 183 936 823 477 591 536 533 551 645 884 730 735 82 270 109 435 430 785 881 867 571
620 854 489 148 422 472 738 623 199 520 183 178 941 467 590 186 317 370 82 675 120 771 153 267 952 755 924 932 401 7 966 533 898 318 447 151 331 202 935 548 569 818 908 629 893 580 503 368 367 490 52 570 67 613 262 193 421 157 382 510 185 423 392 95 128 285 423 681 13 133 330 545 194 297 513 686 246 75 864 723 205 643 637 177 271 440 905 455 488 121 573 921 52 56 328 163 120 363 592 443
238 947 747 929 598 877 499 341 536 775 6 213 405 369 302 647 908 872 521 243 161 226 578 579 642 181 422 852 621 145 588 802 211 857 564 333 374 25 155 951 118 848 895 197 282 586 91 886 197 162 515 374 231 109 440 88 794 322 803 568 333 181 541 490 542 293 455 485 110 735 833 39 892 248 123 645 34 922 934 258 820 507 597 146 645 512 148 868 41 818 439 85 446 173 220 240 60 838 304 214
446 411 90 579 390 983 777 207 381 651 288 61 94 259 788 54 230 37 51 586 574 867 468 999 682 518 654 281 228 529 285 788 190 370 816 570 530 773 182 944 712 476 721 647 715 493 331 442 906 283 850 556 696 372 146 992 135 312 551 248 426 142 120 531 680 220 223 71 892 682 377 984 354 634 534 154 833 784 185 612 822 739 711 554 128 207 84 578 348 327 652 404 971 899 883 195 566 956 149 395
827 223 467 534 984 819 459 137 421 332 888 647 568 702 965 48 819 433 445 123 630 209 593 644 93 988 490 354 374 350 665 292 377 975 229 747 904 80 168 861 506 144 995 833 605 647 154 476 442 541 907 776 534 188 607 68 47 237 783 853 824 677 456 972 429 286 245 939 704 336 338 805 605 32 439 194 127 515 265 307 148 435 556 853 113 472 739 637 835 116 364 455 895 629 751 64 282 271 631 810
248 546 210 461 420 352 300 81 180 867 335 631 581 571 687 446 803 153 369 154 858 501 910 617 822 363 103 396 222 16 545 249 585 879 603 786 730 266 652 252 883 789 380 447 271 849 910 1 391 953 89 649 116 159 593 912 113 864 176 284 730 764 621 186 852 459 112 325 491 214 179 62 656 849 149 77 124 329 220 143 705 194 697 308 861 884 441 897 76 341 696 708 703 556 304 948 297 291 551 199
818 528 819 377 132 350 371 542 84 872 144 255 220 521 223 870 714 444 712 360 966 222 889 743 509 252 256 603 187 230 713 866 45 788 942 92 240 635 380 675 206 983 178 686 825 155 161 622 383 512 771 668 349 47 945 821 961 487 1 432 153 904 678 858 512 970 761 792 593 329 136 655 220 723 90 94 552 541 905 424 73 525 28 377 291 861 101 26 52 373 544 309 900 608 283 203 288 156 739 441
314 555 935 32 459 918 540 465 37 541 770 121 982 425 845 467 620 468 324 460 758 48 256 971 549 617 593 452 580 614 762 232 889 743 54 938 601 535 580 654 463 821 473 811 698 940 529 869 482 639 323 348 183 217 620 772 614 789 59 770 317 370 114 863 936 254 930 773 611 152 173 598 706 117 246 878 309 470 477 374 861 286 464 458 345 302 465 202 474 308 877 736 362 478 59 278 983 211 355 694
867 307 55 792 712 902 351 711 722 299 347 293 277 764 919 83 239 361 992 351 386 104 20 970 422 548 812 926 395 510 11 337 929 729 756 970 153 373 986 655 490 203 660 657 625 279 663 962 58 535 71 673 931 407 471 547 586 569 762 183 467 728 677 649 643 449 519 612 917 951 70 818 790 930 301 619 261 809 70 67 939 880 697 325 601 837 141 159 968 629 998 966 506 6 516 880 742 942 61 871
883 547 260 400 172 674 53 100 375 229 760 171 856 951 801 90 51 460 521 225 88 755 528 439 227 493 200 834 711 306 627 478 300 166 72 800 885 586 501 99 9 223 488 685 356 169 910 899 513 771 387 817 398 440 755 309 625 849 201 827 671 696 101 530 920 865 621 105 96 280 187 536 515 121 751 331 204 84 315 376 766 962 423 228 768 287 869 583 667 321 433 730 695 495 363 430 946 147 779 813
323 129 463 551 574 123 144 708 716 423 178 696 448 166 879 980 100 76 6 307 789 98 626 754 525 277 426 908 666 896 564 311 686 812 417 707 497 64 267 623 466 647 51 763 759 552 137 465 387 72 363 609 288 245 424 213 171 270 6 54 767 831 477 451 878 775 351 732 638 962 140 847 371 994 878 378 425 848 733 337 259 967 378 23 582 830 662 416 774 622 802 68 536 622 468 261 460 359 591 14
935 783 343 474 621 403 412 616 913 79 698 379 616 274 908 923 694 322 399 709 960 82 100 600 297 870 998 894 547 60 175 160 543 850 664 576 201 94 364 141 198 325 932 822 495 84 826 185 120 896 409 705 58 410 120 827 41 793 727 186 335 441 543 474 698 78 293 517 192 243 617 765 183 401 437 53 197 640 983 841 246 602 436 294 843 345 576 212 436 185 303 153 139 735 782 575 738 1000 395 938
518 240 508 15 806 356 699 780 557 725 344 643 374 59 617 285 266 324 472 199 819 383 460 921 15 238 536 621 39 713 845 358 60 523 187 93 121 836 657 591 313 813 747 467 62 327 76 487 905 874 379 81 185 78 375 585 949 132 598 434 592 166 350 90 727 319 381 687 528 662 415 502 326 890 861 697 918 998 638 55 532 201 659 865 720 630 98 69 226 734 680 603 405 954 166 986 294 269 27 290
816 318 543 598 429 253 29 445 368 100 452 461 654 984 767 413 400 790 551 979 745 309 422 48 739 280 644 651 63 81 102 693 422 8 634 163 83 645 529 299 332 804 609 466 867 520 738 797 623 151 932 792 43 663 943 709 179 554 196 125 178 884 113 629 182 549 583 486 415 522 531 648 715 962 19 620 702 205 512 57 1000 116 354 810 270 787 555 319 518 91 499 155 596 445 107 821 48 969 740 171
166 80 588 931 984 365 231 357 151 795 61 310 851 470 176 878 213 531 167 586 346 968 147 481 58 552 204 22 680 114 786 555 482 678 937 610 550 428 920 656 981 858 998 79 509 925 935 90 248 273 46 834 325 954 846 298 272 712 326 304 328 406 577 29 249 230 548 513 787 512 427 727 393 545 795 452 779 657 447 305 992 602 342 738 869 601 10 632 804 561 439 826 411 532 0 95 889 347 47 730
797 281 289 573 494 575 349 370 726 646 365 116 895 378 146 57 202 790 11 376 248 88 702 256 206 701 447 768 576 210 807 44 676 266 361 752 476 959 517 375 828 624 339 922 244 980 692 268 115 37 796 582 493 567 864 965 864 384 428 57 916 323 149 827 511 374 444 770 152 345 149 862 800 686 278 757 236 375 542 403 350 190 725 186 123 284 163 600 349 891 697 956 796 506 9 579 350 995 884 55
736 591 697 90 584 894 242 74 447 220 603 281 501 840 956 605 880 39 616 450 447 459 950 646 265 286 832 661 674 865 808 415 334 19 75 611 126 637 672 10 326 318 227 693 963 902 499 803 879 750 210 906 659 523 975 28 863 433 638 790 900 420 98 380 356 95 743 586 332 51 542 97 870 595 540 33 313 832 707 674 206 83 70 301 402 387 981 449 964 138 812 840 469 442 37 607 392 417 179 671
735 215 932 387 585 615 529 934 184 660 392 218 504 4 535 354 505 878 843 251 938 904 583 965 656 142 695 270 486 276 136 586 532 733 132 775 595 335 474 326 60 24 867 425 493 704 565 921 793 457 703 857 361 526 468 873 130 993 946 656 173 952 716 878 438 737 573 702 354 286 269 251 478 43 814 124 503 755 1000 830 388 903 145 633 818 17 413 602 826 897 683 788 646 587 604 829 674 863 638 653
374 405 977 226 262 688 884 897 23 255 366 444 654 493 828 915 29 972 818 159 557 601 302 508 224 544 878 576 815 631 791 554 13 20 779 685 347 522 196 691 400 56 502 450 796 759 456 358 918 554 998 430 191 524 992 479 935 892 606 614 187 169 157 41 125 676 385 405 431 208 89 181 186 950 102 297 337 830 507 429 563 725 844 582 753 687 56 627 698 715 143 322 501 181 996 869 903 426 699 179
610 856 541 667 615 473 777 716 723 987 316 929 862 151 912 882 958 988 732 719 146 342 555 51 931 664 62 116 36 574 535 162 297 581 116 393 511 377 96 425 254 190 363 338 691 662 849 103 190 737 719 104 601 774 742 516 355 145 879 683 780 672 827 603 585 457 168 976 472 546 709 976 150 724 313 890 88 323 880 730 383 68 75 409 679 413 43 151 672 582 986 745 926 112 815 113 199 144 230 621
27 345 505 575 179 903 484 249 629 892 170 339 574 611 823 715 983 685 497 850 275 684 455 950 860 739 499 627 137 651 197 897 385 757 544 428 866 355 526 278 503 981 391 187 515 884 193 170 951 200 32 492 974 844 485 198 275 755 610 282 578 808 950 90 365 594 970 441 203 367 146 423 870 194 96 985 571 413 236 572 338 804 458 194 84 92 941 159 671 957 359 443 402 328 284 645 708 458 49 511
553 271 211 271 929 151 366 694 671 579 906 439 466 618 169 85 276 599 123 63 669 318 582 189 833 246 149 31 955 928 913 342 196 576 490 941 695 164 121 689 249 711 567 409 879 523 418 515 890 724 961 230 15 641 964 495 605 58 562 395 73 230 946 766 623 913 15 341 600 491 543 7 395 689 847 509 70 86 367 33 634 458 878 491 507 973 343 476 963 284 523 850 978 24 725 903 537 351 631 51
639 180 394 731 970 947 598 463 927 780 944 222 42 118 20 732 739 791 939 489 84 58 540 570 783 730 776 51 221 366 369 432 705 391 756 932 717 215 962 847 245 408 487 21 569 889 918 638 463 910 435 600 273 769 918 296 959 767 261 864 710 496 431 946 328 126 881 283 47 402 73 270 761 806 70 344 307 424 245 703 572 62 63 504 607 576 777 914 816 561 495 519 331 142 723 862 722 402 80 500
843 60 980 762 540 936 897 960 287 416 316 412 52 230 712 797 820 566 481 703 680 534 223 131 878 539 680 944 523 820 612 290 754 860 245 326 968 404 599 308 11 594 979 92 689 466 106 649 860 786 942 321 702 202 400 572 491 664 822 360 473 877 696 65 238 928 968 194 930 193 126 913 381 348 433 327 518 95 907 77 268 56 663 5 514 1 356 566 970 808 115 35 281 43 144 623 375 267 414 534
44 111 995 264 588 110 301 430 597 333 792 889 330 137 469 296 500 834 941 223 438 565 888 575 564 631 419 407 687 421 830 10 507 181 423 99 677 508 528 654 825 584 795 469 838 266 880 670 830 434 146 625 814 483 704 236 312 491 342 246 253 80 965 345 721 876 523 505 566 708 337 93 995 812 341 269 289 927 689 998 952 96 475 388 119 231 644 168 439 394 523 837 905 603 475 334 945 647 890 886
262 56 364 590 903 431 404 214 900 275 821 281 555 356 318 493 712 589 921 194 738 443 127 151 536 825 634 153 108 212 142 852 60 333 787 972 238 381 339 71 419 173 157 991 501 545 482 520 312 446 210 388 354 125 707 426 99 220 864 355 49 584 16 748 724 105 618 344 527 541 53 832 902 195 790 899 402 639 648 980 953 667 452 53 37 312 887 984 918 970 203 555 171 691 567 409 101 840 739 447
421 858 806 704 19 758 365 960 944 158 696 9 707 551 185 212 820 482 384 232 620 519 465 959 957 438 164 155 561 736 210 253 451 282 736 735 345 858 484 335 722 854 875 587 671 216 510 591 581 595 837 326 733 919 652 323 105 641 721 513 19 659 241 486 617 940 965 89 255 671 768 640 63 300 312 559 383 717 732 115 188 824 345 619 351 73 543 2 401 624 794 689 469 958 582 293 268 329 423 427
497 608 910 778 671 45 362 718 821 263 102 295 517 387 61 606 952 107 473 637 731 143 976 81 223 832 950 93 784 374 455 105 368 407 645 378 391 967 518 28 997 856 148 30 492 156 394 72 24 16 874 96 817 841 720 960 101 449 52 102 376 50 499 224 422 659 212 310 736 112 11 576 951 714 266 393 804 70 740 490 251 41 167 446 274 160 762 595 143 53 473 563 662 625 813 515 619 75 913 858
152 217 218 498 917 581 837 822 29 941 453 828 115 205 743 859 996 959 565 278 633 522 769 290 484 859 836 928 66 338 539 495 804 305 275 745 251 594 570 529 181 807 475 953 966 611 972 98 236 799 698 108 856 528 55 449 854 48 212 257 487 8 204 740 328 204 190 880 972 111 334 784 736 257 900 586 305 842 754 160 32 720 692 178 581 702 118 22 835 973 210 803 442 694 887 48 435 688 195 173
496 488 498 634 114 673 365 992 215 214 273 724 86 835 282 702 212 234 453 516 954 572 419 145 627 277 148 479 685 445 870 587 571 250 371 890 860 869 832 926 150 489 976 543 451 401 49 688 525 540 143 765 146 85 157 174 313 345 885 335 883 391 126 744 479 940 256 309 784 469 183 617 105 844 970 707 831 890 626 643 134 83 152 246 708 783 613 623 295 664 224 948 676 1 904 857 62 812 887 137
6 133 769 481 776 295 978 924 298 813 882 490 627 726 348 577 229 354 231 3 471 315 481 132 272 702 474 648 173 36 476 684 632 559 289 480 778 679 555 365 629 877 615 613 970 815 257 87 920 147 704 379 453 496 954 26 84 61 13 397 102 527 170 635 69 838 479 886 314 715 371 235 121 116 628 803 963 59 716 318 393 365 319 115 811 591 740 661 469 163 544 491 24 353 861 568 578 808 204 256
139 465 25 197 513 805 723 96 733 375 319 209 907 181 866 572 739 852 292 310 244 808 302 109 381 170 33 726 875 510 979 802 517 263 833 984 595 291 194 376 814 264 296 616 595 61 516 149 279 554 586 806 104 648 538 896 640 763 577 781 201 436 201 120 692 573 900 336 161 524 853 448 204 809 517 740 247 824 622 595 30 615 150 620 600 470 679 272 769 759 487 686 796 474 270 705 969 471 345 586
964 337 228 842 222 633 444 638 388 11 518 487 808 6 688 598 95 315 995 854 74 215 526 940 735 960 971 171 842 802 948 77 752 849 62 571 574 359 749 186 214 368 837 952 386 764 240 806 765 100 120 768 374 615 958 771 52 380 848 409 758 607 510 113 155 870 753 625 874 806 150 559 269 735 573 72 908 736 580 880 615 266 577 77 790 495 809 517 244 445 468 790 639 987 286 456 499 424 914 40
923 117 817 530 848 843 213 450 440 823 94 918 550 19 34 172 585 980 73 225 299 238 374 175 569 492 850 942 539 45 507 654 357 962 569 411 348 884 538 441 853 710 893 698 832 799 775 715 92 850 305 302 475 298 107 619 269 367 664 937 960 531 217 33 325 576 876 156 525 748 963 227 498 238 195 963 384 212 810 820 159 975 331 901 195 592 31 891 943 335 479 205 730 875 494 851 631 857 95 401
623 802 250 429 796 315 863 411 221 422 712 208 611 24 968 238 628 188 396 409 287 799 338 598 842 618 253 720 436 277 707 827 664 838 728 703 444 866 435 856 284 665 382 720 908 244 86 873 504 165 336 337 79 54 642 992 744 39 311 697 301 893 989 245 68 158 309 244 315 940 390 146 677 842 220 39 251 271 813 203 976 369 371 768 883 6 745 863 741 49 313 947 920 588 560 334 442 786 273 382
672 362 651 558 895 237 129 39 474 685 143 186 907 367 867 302 821 340 570 454 843 997 153 119 672 375 35 843 557 562 971 220 433 328 273 434 478 213 612 33 274 200 312 279 280 706 725 903 781 797 471 775 581 695 944 719 451 611 336 788 723 710 539 443 417 906 258 504 481 883 103 565 851 275 786 161 990 985 132 467 164 948 475 797 663 78 164 107 975 383 844 450 419 846 97 296 550 92 158 322
315 440 517 500 956 675 1000 777 937 600 484 281 92 365 403 106 632 270 448 225 60 399 505 377 723 512 170 696 750 118 559 429 900 400 46 273 884 653 254 438 714 590 524 906 990 891 708 951 925 765 318 794 504 21 533 146 514 538 889 767 497 757 881 998 404 93 202 532 664 348 217 158 513 584 989 373 290 129 1000 98 429 559 664 418 529 227 881 376 347 923 906 949 901 870 977 310 940 41 355 24
623 202 881 799 337 746 728 413 99 530 247 687 627 412 402 448 457 788 687 239 576 772 973 825 90 117 37 76 0 155 339 300 73 447 591 692 135 800 422 920 12 161 111 916 621 139 487 726 779 877 90 266 948 653 840 926 904 622 466 730 665 42 157 298 899 91 961 324 962 341 432 258 131 39 440 506 319 283 754 627 303 76 220 110 192 364 461 558 828 698 395 371 922 909 474 171 706 453 824 523
981 197 235 684 770 138 847 499 71 142 124 896 325 566 609 168 36 191 151 748 99 871 692 689 344 224 393 390 166 477 805 259 917 560 440 627 597 372 297 546 981 606 443 634 19 387 676 443 140 661 375 688 614 864 244 304 85 124 341 512 303 704 244 634 644 270 168 214 236 710 929 995 158 547 283 832 529 5 898 792 843 190 248 180 141 693 838 636 94 45 626 221 287 245 664 588 597 354 51 449
580 779 561 664 908 20 27 421 758 75 37 775 617 708 530 905 344 420 79 818 735 955 311 17 419 91 212 29 721 860 736 558 136 130 721 414 685 549 207 831 902 570 920 270 645 705 783 284 404 400 289 125 504 201 946 811 142 435 350 308 317 254 139 592 286 602 78 432 355 467 665 591 852 212 28 318 930 412 404 194 532 33 225 11 97 642 354 617 791 12 360 487 668 833 76 597 588 365 884 422
655 719 132 568 574 627 34 888 534 795 56 878 332 784 613 998 918 706 914 931 747 702 318 718 315 734 947 565 687 275 744 925 976 638 623 213 576 584 613 925 761 441 358 843 881 462 504 139 473 801 962 427 885 208 820 663 191 525 793 336 176 846 299 393 698 348 10 796 202 888 101 725 428 110 591 599 180 555 373 102 573 757 537 271 251 148 634 560 882 241 247 851 637 137 648 519 608 605 51 198
407 190 689 449 329 640 45 222 143 275 872 332 447 969 30 358 40 561 792 307 569 443 23 923 982 417 884 584 690 2 807 862 350 760 987 394 961 199 764 905 447 45 963 321 865 664 918 868 898 20 380 226 971 193 294 80 600 516 553 427 803 810 430 265 394 101 583 418 257 994 473 643 395 240 769 652 661 809 184 131 797 18 455 669 718 761 754 92 352 556 667 42 404 160 455 41 316 539 365 751
363 225 221 599 744 503 26 451 332 799 377 416 110 521 990 301 724 380 974 374 680 153 575 512 386 395 186 928 123 407 444 551 814 811 803 533 115 812 288 138 181 742 184 966 947 70 683 480 383 961 109 266 84 930 380 6 979 236 307 45 287 746 75 327 896 595 286 288 791 633 608 688 8 125 409 551 985 448 740 678 923 109 381 336 576 300 57 208 283 493 201 852 617 996 961 100 561 391 334 964
1 59 159 15 352 614 478 605 949 58 276 761 961 13 442 462 118 313 138 960 266 992 479 888 246 956 218 195 783 138 841 212 127 665 255 43 489 931 574 698 289 927 167 874 744 627 820 648 939 745 928 403 158 326 610 759 910 592 986 703 581 888 528 539 273 239 213 35 771 936 386 378 971 431 359 97 766 100 780 693 177 996 117 119 220 470 531 20 51 428 520 637 587 348 788 27 792 817 252 680
29 887 846 116 359 960 237 998 673 934 749 595 303 519 655 365 399 581 981 559 652 684 334 321 899 58 693 71 810 324 828 465 223 941 807 692 238 356 768 980 317 258 753 956 549 923 769 792 476 118 798 263 251 94 44 151 992 641 498 231 111 441 568 787 629 553 185 605 6 555 776 979 793 916 410 272 917 175 1 853 984 187 342 714 529 478 255 491 788 977 235 771 681 807 624 196 198 433 630 165
763 361 841 407 842 394 657 481 22 945 649 940 431 85 632 712 178 576 17 283 466 890 183 873 83 717 552 452 827 600 587 150 493 123 862 924 406 384 314 431 136 791 274 508 235 87 383 53 90 982 383 866 116 238 188 999 887 860 993 650 663 932 208 355 149 864 717 520 323 260 699 254 440 430 485 312 125 46 407 682 301 855 620 95 830 705 336 295 229 637 420 696 230 293 193 953 988 522 415 506
998 738 854 48 99 160 235 187 537 477 5 388 15 43 436 313 494 213 622 929 359 742 13 975 356 673 313 359 411 587 596 361 231 141 663 349 795 664 155 383 721 588 613 984 545 992 114 534 307 117 42 690 984 480 796 181 12 352 250 992 761 222 815 931 941 783 347 955 968 120 506 135 1 491 823 309 332 664 249 91 392 794 704 143 782 499 452 173 789 43 140 759 380 246 263 662 354 534 317 56
4 617 601 417 909 85 867 950 800 953 790 744 456 538 24 211 706 641 347 959 210 727 171 897 719 749 571 398 235 236 407 721 442 735 249 467 890 220 418 32 986 181 771 690 137 100 191 206 748 526 520 216 68 297 972 619 611 883 431 446 440 680 922 608 711 261 962 711 312 107 687 866 388 935 173 970 246 525 876 850 362 324 795 230 835 617 307 741 143 906 786 993 508 322 63 37 851 79 114 636
503 619 308 208 828 127 494 785 254 8 33 43 182 724 718 114 609 137 159 418 705 315 109 906 106 228 100 917 355 421 949 121 904 445 900 840 664 962 126 265 820 443 732 703 937 155 780 176 940 330 954 300 686 611 52 850 839 642 526 301 371 439 141 864 214 992 571 992 267 875 911 781 239 771 775 657 352 841 61 397 558 657 187 134 294 635 554 608 646 718 811 71 129 244 593 840 13 48 944 393
777 991 49 622 182 224 184 145 644 25 709 429 197 904 896 315 20 824 696 958 913 22 677 153 482 155 791 282 609 361 317 252 953 861 373 50 700 862 672 988 933 146 267 353 533 506 566 599 507 341 523 538 532 208 854 823 661 699 7 904 979 747 171 733 111 678 209 982 868 726 491 807 309 637 190 575 55 851 118 619 437 199 552 690 992 772 671 271 594 764 209 570 874 297 954 690 928 832 935 804
563 964 272 205 155 845 929 540 906 877 786 561 502 848 702 717 533 244 524 627 941 744 27 237 42 254 71 935 424 57 279 868 905 438 12 986 414 485 863 370 333 961 530 864 910 530 239 98 924 302 604 281 697 117 375 510 560 366 797 514 250 84 853 347 562 740 792 701 521 897 249 180 851 165 486 936 557 454 792 488 829 119 820 607 874 159 884 973 147 108 157 709 718 568 286 506 731 827 936 530
1000 703 287 603 456 393 50 690 249 70 545 458 782 803 420 557 546 969 917 343 10 75 712 841 799 139 104 50 11 898 967 49 191 854 548 128 406 747 476 284 310 182 989 616 654 11 417 921 334 16 158 217 771 243 103 977 653 798 685 99 739 686 899 720 750 152 767 282 377 324 653 318 533 434 383 564 74 672 730 192 865 476 882 271 788 248 237 848 417 545 952 812 61 646 822 820 732 119 616 470
889 276 531 252 74 167 146 714 606 116 393 635 862 912 785 962 384 619 122 703 26 474 608 252 283 404 468 821 695 32 523 747 937 399 866 312 683 291 270 485 398 993 612 830 930 641 280 295 538 303 47 776 499 13 74 927 577 458 241 801 46 286 713 436 499 254 762 654 806 411 358 315 342 614 417 870 26 886 666 149 382 783 785 361 389 547 980 135 111 419 41 67 948 549 654 339 853 675 951 327
271 840 787 345 56 533 448 521 339 241 974 415 53 558 695 706 56 24 68 761 801 938 872 714 432 903 192 884 440 715 7 988 725 722 282 784 928 540 98 475 616 77 133 879 698 683 269 703 192 974 323 18 136 461 83 812 426 781 923 555 798 311 604 906 662 715 492 115 240 260 721 200 352 387 929 239 49 143 193 174 505 332 578 315 107 131 641 43 274 860 780 214 597 356 268 650 33 300 420 464
671 291 554 43 193 831 443 144 639 298 371 608 102 838 27 858 332 303 655 773 524 243 191 287 366 694 42 910 311 119 10 526 790 442 302 61 965 937 38 624 184 437 721 741 641 942 156 39 227 475 7 338 59 602 636 324 294 938 511 134 235 23 681 634 473 693 372 536 186 688 834 485 908 34 757 542 570 52 53 270 827 370 19 67 123 85 863 859 244 409 568 380 709 327 533 962 313 478 285 374
403 758 14 915 656 123 127 751 329 961 182 860 766 794 482 83 390 207 980 304 122 202 261 122 738 265 487 0 386 516 77 685 47 376 134 321 885 93 609 706 239 175 880 156 941 516 726 69 8 91 962 132 598 446 289 959 94 691 218 92 246 206 389 659 101 293 962 806 251 82 456 803 756 14 301 86 687 530 490 262 389 142 254 236 408 646 264 83 468 892 458 435 801 655 29 8 237 12 905 289
592 664 417 928 150 80 185 253 981 763 84 359 313 178 141 227 26 91 968 584 28 479 646 446 557 297 879 100 554 300 233 925 407 371 803 836 904 835 556 29 991 340 852 203 155 371 880 678 949 662 145 565 538 351 806 217 947 609 75 25 247 437 539 968 166 604 267 935 450 700 179 454 229 509 272 843 187 162 981 826 703 565 791 510 473 737 531 890 417 671 1000 812 720 975 725 450 704 14 373 499
948 607 381 128 856 372 412 607 36 531 825 818 77 679 482 235 274 487 831 172 533 577 128 771 631 951 380 655 451 824 722 79 89 688 323 393 965 847 833 428 976 625 313 535 679 754 541 516 758 986 293 633 836 499 591 296 150 637 566 342 575 655 164 903 60 574 62 257 719 828 875 185 302 307 697 617 809 195 247 287 795 223 830 861 598 803 438 634 223 603 279 530 203 365 819 503 60 120 235 784
741 572 225 701 352 271 242 294 382 311 459 194 358 783 218 355 110 415 85 794 996 245 236 275 624 385 897 390 708 572 161 5 437 323 977 99 355 173 532 942 814 270 42 767 708 231 42 664 983 632 225 872 325 292 729 855 674 363 330 808 55 309 253 644 817 147 445 687 615 125 982 236 77 166 566 499 177 202 115 474 392 884 443 228 672 312 107 234 545 619 584 484 371 337 323 932 451 567 36 872
842 498 827 27 501 325 316 404 32 501 536 96 973 602 161 228 482 277 786 35 927 357 408 528 434 970 276 221 861 237 79 851 570 380 497 573 139 238 832 616 78 668 409 841 304 221 420 899 466 511 349 475 970 939 188 546 351 335 203 547 668 200 328 235 278 685 760 353 715 66 439 712 949 704 299 12 384 276 309 5 996 923 20 334 110 968 830 72 240 933 286 977 716 474 740 619 518 350 330 457
827 852 302 287 5 589 694 15 460 325 700 130 707 390 160 370 956 62 163 62 459 154 549 744 622 382 468 76 418 726 12 713 728 816 803 282 135 109 129 251 364 730 612 535 145 989 353 66 787 681 669 618 807 851 723 588 18 459 660 915 910 76 781 709 848 917 796 696 464 61 601 186 863 983 525 198 524 348 136 668 365 225 21 847 972 725 657 386 214 308 392 125 251 705 842 693 95 731 126 275
63 109 126 456 465 234 676 165 237 465 397 739 296 937 203 379 299 461 852 531 822 655 837 873 288 261 910 911 353 181 468 864 254 961 286 192 928 467 683 632 977 422 423 272 297 800 643 478 559 332 818 325 952 993 126 70 898 884 587 185 460 469 14 413 834 353 491 282 346 34 891 915 641 447 930 521 562 93 868 475 280 152 194 239 739 416 400 854 947 518 989 645 1 878 225 570 439 931 433 68
591 991 550 886 469 483 110 706 636 387 926 741 162 234 333 358 849 304 698 275 476 892 421 971 546 387 594 352 629 31 237 677 15 798 114 678 740 800 287 464 303 480 703 928 825 443 547 790 762 766 29 588 208 191 553 963 761 457 299 980 242 519 696 762 757 251 467 31 34 885 480 15 771 445 135 88 486 861 410 681 253 309 707 216 455 585 114 430 973 7 624 137 646 283 447 685 993 617 851 243
222 40 13 14 402 612 291 931 773 18 548 52 794 298 882 926 948 362 680 254 456 738 423 1000 143 324 620 438 16 547 384 933 546 797 661 625 422 856 171 675 447 342 736 418 28 357 419 938 327 409 421 803 600 190 204 542 963 100 572 22 250 631 621 340 522 721 152 552 346 94 308 100 337 918 2 161 408 730 819 349 172 607 215 101 256 181 36 169 993 418 417 686 26 510 848 180 219 500 643 486
969 778 4 708 148 569 126 230 188 120 995 965 581 97 292 930 79 371 566 249 242 41 329 187 474 776 331 581 538 925 780 126 368 1 948 259 495 971 262 820 851 26 561 818 59 447 840 267 826 796 764 413 931 368 60 516 52 489 144 389 253 705 671 882 220 280 832 65 421 449 500 974 53 682 579 439 43 344 984 13 329 86 977 208 578 297 240 906 78 372 18 493 450 628 413 582 336 112 552 358
970 701 222 160 956 747 360 273 294 968 618 279 78 175 520 105 262 700 53 993 20 882 248 129 88 262 831 617 995 795 798 392 610 357 793 749 972 459 679 230 157 202 525 805 432 813 636 502 424 264 84 284 274 53 147 452 811 933 299 363 267 22 233 253 864 948 688 539 781 500 420 96 728 13 554 157 584 849 9 101 924 1000 404 729 734 136 694 993 740 959 155 72 417 980 410 234 786 445 810 328
35 618 240 104 907 635 638 984 299 424 997 172 912 636 405 662 741 42 430 1000 687 631 156 142 452 76 727 368 948 936 841 929 863 977 806 31 409 576 829 967 96 306 308 46 613 258 571 855 64 780 468 525 191 193 631 680 580 15 522 772 428 663 866 925 587 942 429 77 589 257 150 736 124 824 168 816 786 501 710 111 884 224 754 221 31 216 893 354 754 495 977 767 607 811 879 532 902 907 61 667
630 926 38 979 37 637 24 634 408 977 858 181 484 398 137 818 669 721 505 427 40 722 844 949 585 263 862 90 58 627 214 330 209 58 303 723 474 488 187 299 860 427 367 139 348 36 374 929 305 82 813 662 232 471 49 510 35 814 296 800 602 902 471 423 626 283 705 802 448 956 705 989 50 196 591 645 260 263 183 363 870 76 856 170 201 488 131 660 506 727 84 744 299 247 0 793 551 995 774 976
903 325 102 959 413 24 100 415 739 551 690 878 3 849 873 479 426 457 568 362 557 43 752 56 198 950 278 876 468 109 288 460 937 93 49 160 164 695 843 38 1 333 529 562 143 567 303 508 722 297 992 963 954 113 825 817 197 462 53 759 822 313 819 335 504 202 949 922 258 180 355 551 359 977 663 425 48 241 276 379 753 722 226 511 686 854 189 299 905 860 727 279 225 479 855 599 924 735 328 898
383 863 769 820 217 720 779 350 191 60 491 934 678 505 296 804 377 921 709 56 156 303 532 6 785 538 387 21 510 752 290 178 981 474 634 368 706 964 988 514 1000 889 342 910 180 865 862 675 504 81 557 493 139 838 433 742 464 44 2 105 990 188 66 673 39 425 925 928 643 221 835 105 788 451 711 348 505 18 240 383 995 193 88 444 396 252 135 259 415 644 804 774 794 121 806 649 324 14 711 909
506 116 48 313 2 899 872 853 621 528 25 350 812 910 390 454 897 334 268 205 115 881 614 851 31 579 63 688 442 100 389 745 881 574 987 878 936 525 331 816 625 994 811 414 743 152 843 918 682 302 982 838 257 263 99 580 65 694 992 33 736 485 737 777 912 220 688 226 369 328 548 430 62 372 755 150 345 317 372 616 743 604 272 776 583 838 699 10 696 638 925 290 174 548 612 141 638 892 746 207
364 28 716 374 849 333 624 337 103 4 991 491 918 354 791 901 617 17 471 39 365 998 437 962 972 974 996 998 313 976 491 754 992 545 846 96 428 329 303 377 83 722 840 750 410 773 378 865 756 614 607 176 381 975 93 582 380 798 618 828 148 3 91 689 983 318 880 419 997 993 476 661 1 874 645 271 798 409 844 320 3 808 697 248 821 125 527 135 274 859 541 208 283 619 165 720 2 87 821 737
173 729 139 28 622 271 972 963 574 654 26 737 830 640 962 1000 894 235 367 926 604 115 467 76 322 120 393 697 152 891 106 437 692 704 474 712 783 72 546 738 29 984 707 3 234 58 965 627 748 254 486 188 729 964 105 669 333 193 353 919 179 315 242 88 57 708 825 150 391 93 973 192 668 187 882 884 994 932 784 524 607 460 709 84 679 516 229 23 253 18 570 172 989 941 908 231 371 361 56 202
715 256 649 530 659 997 723 1000 657 169 993 718 16 595 543 121 453 191 826 56 459 706 96 111 237 124 233 166 211 873 171 310 740 912 108 43 817 713 912 514 641 887 654 753 893 392 294 575 342 475 219 59 901 101 236 62 708 55 30 497 762 526 824 60 201 404 326 192 693 625 817 352 476 291 934 723 227 692 588 867 725 617 68 185 293 168 186 967 912 607 868 907 370 790 662 171 447 206 208 514
427 495 490 978 908 913 606 990 198 615 410 963 899 665 960 596 137 182 809 19 851 544 569 137 352 795 547 539 903 504 735 640 958 518 288 292 367 478 249 594 476 215 345 636 852 425 613 882 948 363 403 456 21 750 719 372 545 566 679 122 816 753 73 225 962 294 468 345 486 689 308 12 863 775 32 365 367 441 186 547 822 87 707 59 480 353 965 131 335 79 535 578 943 832 179 532 253 185 632 317
415 695 561 32 903 342 639 335 693 535 398 523 12 593 474 17 327 565 856 238 965 566 776 245 868 483 370 992 832 906 985 227 797 16 83 572 429 250 27 600 376 430 517 384 143 451 231 279 860 487 507 935 543 680 891 685 189 340 1 660 301 53 237 153 569 643 742 599 461 160 407 684 66 167 410 95 339 283 460 797 130 869 932 840 970 317 208 313 517 246 500 37 492 409 446 409 95 933 27 716
63 84 669 147 701 233 449 948 780 928 854 126 190 527 39 122 927 618 632 839 157 780 38 233 125 14 751 67 977 20 376 837 386 652 748 165 347 843 342 25 478 721 112 514 49 709 398 511 797 134 591 78 852 832 415 271 246 23 184 373 186 946 957 444 497 947 823 216 142 409 794 174 393 443 11 263 683 822 899 774 714 729 410 521 657 319 805 898 527 325 241 671 971 194 485 325 119 970 774 612
485 409 638 780 165 294 490 452 391 849 299 89 323 951 894 807 980 260 19 587 573 658 521 329 920 834 357 500 366 459 245 859 394 719 211 375 18 638 855 993 592 549 629 284 528 641 395 23 437 31 84 865 617 643 2 635 204 354 340 551 97 505 377 763 125 235 463 913 831 534 194 940 487 473 102 626 641 639 558 639 274 999 812 941 926 653 100 818 580 428 633 67 76 299 53 143 707 114 667 93
279 271 592 756 676 703 50 554 764 215 325 371 385 319 37 141 407 528 804 942 2 965 438 173 735 260 701 581 606 669 269 725 760 771 367 768 141 813 426 563 767 502 965 958 399 517 784 121 10 178 624 43 326 704 154 183 563 97 806 922 967 355 542 546 13 104 648 86 176 219 438 78 587 782 445 664 621 899 700 857 809 85 584 92 752 38 278 470 205 629 104 62 364 682 235 461 388 423 73 416
210 788 81 945 60 208 190 285 45 514 770 710 811 209 155 177 535 35 986 798 271 303 453 773 323 661 772 676 228 870 481 269 980 634 776 132 803 161 958 368 41 821 276 635 578 217 981 502 597 320 425 229 19 94 908 994 228 388 910 85 51 269 791 413 770 454 522 132 941 294 179 46 103 172 380 424 443 982 519 31 475 827 816 534 914 501 403 162 875 482 198 606 194 345 11 174 196 140 313 353
197 308 497 367 23 798 271 618 359 882 529 742 292 20 880 473 874 849 23 416 107 279 506 497 926 601 416 127 916 60 418 118 910 227 381 409 363 822 833 325 224 884 255 964 783 927 230 951 683 148 733 722 330 889 958 416 938 449 411 632 228 410 232 432 82 424 9 287 51 625 903 860 579 895 386 161 336 76 870 918 120 186 148 203 559 232 179 698 568 229 865 373 711 67 791 972 540 700 541 914
726 874 338 966 789 528 854 151 169 571 792 736 113 484 81 556 654 335 644 202 755 454 673 381 287 129 671 453 331 770 657 50 218 792 840 946 151 119 261 507 64 992 386 298 543 551 571 798 406 739 331 699 961 984 408 418 995 508 495 692 713 219 342 820 150 191 582 835 388 941 372 687 829 807 867 396 282 326 715 432 112 332 618 432 617 543 485 1 590 727 655 501 525 383 538 113 537 440 982 95
152 186 769 385 799 632 514 818 606 772 589 545 385 998 661 229 512 877 673 502 622 706 657 885 379 172 892 750 641 791 961 975 688 474 436 834 610 665 315 780 38 305 645 327 140 362 938 93 938 874 32 708 338 300 593 470 694 281 678 866 450 202 976 147 509 447 724 829 232 913 341 246 518 500 921 680 370 245 108 638 299 201 240 363 721 236 76 716 332 213 883 39 202 839 643 532 769 471 517 648
665 230 58 670 402 775 468 235 402 278 512 655 835 22 509 526 505 431 133 761 29 46 644 679 550 695 361 684 860 585 815 501 60 152 527 954 677 761 263 176 941 649 487 604 555 220 369 914 436 310 235 967 698 31 505 551 332 552 947 129 659 711 661 931 525 194 712 451 580 245 561 664 682 639 413 531 23 496 318 310 703 919 865 52 165 247 352 574 169 745 873 977 713 591 988 818 447 327 713 510
887 100 639 175 503 632 756 196 830 128 305 90 322 863 933 210 843 965 294 307 448 657 807 431 142 108 742 232 198 73 914 684 721 741 217 137 119 724 971 253 43 227 794 40 935 304 178 906 543 458 947 506 847 335 99 359 876 431 876 908 773 380 41 337 210 705 902 325 587 802 871 478 812 720 732 237 136 529 14 663 676 845 791 738 29 709 500 778 205 358 446 757 673 736 561 326 927 363 959 670
27 947 187 27 872 615 538 100 987 372 913 705 222 652 277 678 309 699 662 793 541 391 537 494 369 944 794 517 500 828 201 88 291 615 107 301 889 138 624 262 839 852 234 460 180 66 376 671 361 903 878 429 252 99 755 917 230 6 990 423 541 713 182 856 913 206 553 140 264 928 466 850 896 436 302 960 797 858 658 596 332 505 940 116 936 326 237 362 459 106 134 707 251 407 291 777 460 968 300 463
605 638 61 345 992 876 145 13 20 133 354 545 326 219 585 62 401 719 147 137 158 466 853 490 992 543 771 203 27 662 885 404 895 590 542 550 340 769 322 188 992 64 244 566 975 908 153 454 291 648 627 904 67 402 437 742 542 940 63 315 439 881 682 511 328 693 411 295 740 622 580 193 507 467 465 290 608 389 746 143 206 253 138 164 963 322 435 262 817 510 137 794 804 501 216 418 920 101 471 772
133 371 292 833 143 633 446 864 913 323 73 874 157 72 655 265 56 760 662 815 380 455 249 198 952 861 659 984 247 601 840 481 839 246 216 666 114 981 381 630 956 29 890 968 633 713 27 432 124 546 544 262 919 926 917 768 486 172 72 650 412 114 928 461 386 686 683 712 594 843 76 213 259 633 330 701 73 59 283 954 958 597 543 342 991 868 335 387 121 499 680 876 130 865 420 932 183 881 600 360
18 207 635 298 700 482 869 751 212 952 194 947 889 515 636 322 552 658 818 754 875 104 204 958 302 28 450 70 333 510 186 920 978 609 191 129 553 182 481 241 852 581 315 692 726 632 685 905 336 945 538 289 720 491 198 444 517 953 480 353 958 625 902 515 949 348 278 101 241 682 112 396 245 995 992 693 557 786 504 482 334 661 553 210 55 604 110 112 986 265 171 739 612 717 787 654 262 800 636 338
736 793 541 774 329 298 565 275 737 146 597 172 984 874 909 38 930 9 287 16 333 840 619 558 751 188 204 537 622 785 39 619 313 944 424 151 568 203 919 885 827 63 124 372 316 729 201 468 452 714 28 950 259 452 42 764 574 124 388 714 484 546 669 654 738 198 188 284 581 617 447 582 172 585 939 122 404 672 717 177 675 994 229 410 407 672 12 155 336 590 702 477 94 551 61 848 129 408 858 832
915 900 987 69 842 521 503 525 870 891 259 995 553 385 899 943 720 61 899 56 635 458 849 939 599 663 812 346 474 108 186 804 600 143 382 906 560 483 910 347 215 425 704 944 232 234 353 21 391 857 560 729 776 171 30 128 39 687 12 491 506 855 415 844 456 755 803 499 168 27 477 393 453 443 935 574 732 270 377 522 923 89 786 859 741 946 982 774 744 595 462 704 329 683 664 499 270 439 383 47
