100
-8534 -2631 20 9 16
-8328 -2393 49 -9 38
-8349 -2299 52 -3 27
-8395 2323 42 -2 10
-9162 -6671 17 -1 7
-9863 -5622 55 -3 14
-8622 -5520 25 2 6
-8114 -8191 61 0 44
-9433 2855 90 5 46
-9558 -2769 22 7 22
-8458 820 50 2 49
-8867 -4374 71 6 13
-8766 7588 19 5 4
-8797 -5707 87 -5 30
-8576 -9131 86 0 45
-8447 -4470 36 0 45
-8586 -8403 66 7 25
-9704 5380 60 2 27
-8676 -1895 75 -4 14
-9192 708 22 4 17
-9987 88 92 -4 36
-8545 3808 95 3 11
-9420 9753 26 8 27
-8926 -4961 29 -4 46
-8335 3067 30 3 46
-9386 -3739 63 -5 26
-9518 -7264 61 -6 44
-9595 -6837 41 -6 38
-9085 6406 88 -1 13
-8651 -5573 81 4 37
-9696 -3695 89 5 25
-9294 -4554 31 -3 21
-9171 -8056 74 -6 48
-9693 -1679 11 -9 17
-9242 8073 15 0 23
-9976 5676 83 -1 13
-9829 440 89 0 18
-8149 -4983 79 3 27
-8139 8371 10 4 18
-9279 -7895 72 -1 5
-9484 -5903 77 -2 18
-9503 -4970 46 -3 25
-8861 -983 82 -8 17
-8215 -5626 29 6 3
-8195 2851 41 0 21
-9079 8041 39 -7 6
-8186 -8154 44 -3 1
-8239 5478 55 -7 6
-8651 6990 49 -6 48
-9041 -7681 92 -2 23
8283 7757 -88 -2 10
9230 7076 -32 9 44
8692 8399 -34 -5 29
8953 -8664 -51 -8 23
8236 4289 -16 4 19
8105 -5982 -25 0 46
8688 9774 -94 3 48
8037 -5664 -99 -6 19
8053 499 -58 -5 38
9508 1559 -29 1 25
8825 3155 -84 8 17
8854 6223 -25 -9 7
8829 3563 -75 -9 28
8714 9640 -64 -4 28
8520 -8556 -37 4 22
9186 -6514 -84 8 31
8949 9695 -62 -9 26
9372 -6740 -10 -3 27
8414 -9131 -98 -9 48
8696 6013 -55 3 21
9543 9473 -95 -9 12
8680 -2917 -21 0 37
8505 9562 -31 -2 33
8859 -8113 -72 0 43
8388 9586 -35 4 18
8433 -8137 -35 4 5
9585 3343 -22 0 42
9002 -9410 -60 5 9
8664 -9202 -54 1 15
8458 6090 -62 -2 27
8508 -7935 -99 6 11
9585 3851 -30 3 2
8494 -8650 -45 -1 47
9171 6716 -74 0 9
8800 748 -91 -3 27
8308 -398 -73 -1 7
8824 197 -93 -6 41
9378 3492 -38 -3 3
9616 5947 -89 5 46
8529 2975 -17 2 35
8787 -8207 -13 -6 7
9433 -6100 -69 -4 4
8625 9676 -81 0 30
9474 -7296 -27 1 14
9821 360 -46 0 18
9205 3000 -22 -1 14
9011 -1975 -18 4 37
8644 -509 -76 -8 6
8989 -9629 -12 -5 37
9649 -9928 -41 -6 10
