55 54
325 200 256 538 70 924 890 770 85 680 499 296 616 55 291 149 173 422 310 640 155 770 850 374 519 70 50 315 735 688 279 936 410 315 92 119 951 403 764 844 29 610 919 880 275 820 44 454 756 113 765 945 72 389
680 953 665 617 523 518 748 439 398 987 182 155 154 929 410 65 335 1000 151 90 347 803 221 195 862 158 620 162 439 800 89 362 600 867 68 160 116 478 455 717 826 752 785 67 383 735 92 166 542 558 730 655 507 538
659 971 109 496 287 58 400 796 558 36 343 441 426 653 714 213 12 828 620 697 423 163 949 817 412 227 558 212 522 214 210 224 862 548 893 434 778 747 189 192 888 764 815 164 749 861 466 634 160 116 495 195 785 222
14 826 401 736 327 949 609 620 296 421 294 206 795 751 541 28 736 327 364 612 835 427 608 646 288 23 522 620 898 983 334 769 54 527 452 339 496 607 27 19 699 366 648 455 122 457 911 711 712 400 615 524 716 696
982 361 151 623 309 532 920 751 188 564 586 474 607 937 746 129 31 30 416 374 80 393 205 211 373 600 985 520 598 473 478 503 639 16 267 543 164 219 897 777 673 71 680 230 503 507 169 752 461 430 717 472 55 61
741 37 97 217 648 170 691 367 973 647 852 822 588 756 604 466 376 263 703 764 191 146 694 652 271 672 932 492 586 113 912 506 442 773 480 473 807 460 914 941 376 418 457 600 108 529 747 289 671 728 140 891 478 648
627 313 197 301 217 375 940 527 504 131 626 424 724 502 826 680 348 27 141 404 905 685 57 735 784 887 317 405 716 14 247 422 497 197 388 49 474 822 641 146 632 211 595 204 545 33 665 305 626 57 96 930 567 297
634 609 334 227 883 493 977 15 433 618 882 850 481 631 162 430 685 53 530 265 714 211 812 614 981 850 465 389 833 207 565 725 321 562 438 110 301 651 37 766 426 173 242 9 343 668 753 858 799 680 664 814 119 932
917 57 862 956 37 557 348 608 335 729 744 121 684 84 254 793 435 463 516 95 599 728 805 361 369 828 525 744 390 786 219 409 480 751 314 456 624 586 802 91 7 312 654 626 515 520 440 443 392 847 270 858 65 552
532 524 347 527 628 905 744 301 571 208 87 796 468 931 478 157 904 442 996 715 678 736 887 264 222 387 958 980 913 516 487 718 210 616 360 355 924 424 706 247 957 143 804 15 157 759 442 436 71 157 5 663 419 311
268 489 391 742 410 107 169 257 14 616 705 597 3 273 967 930 846 925 61 639 142 560 50 977 229 145 90 644 640 886 324 110 137 979 375 154 989 501 583 896 701 128 552 321 541 530 300 272 820 890 714 467 391 914
848 250 162 78 804 767 277 948 86 861 302 402 957 727 510 481 750 329 800 306 957 517 515 585 352 227 387 84 840 741 16 892 201 175 101 300 316 573 999 251 393 902 537 930 422 76 305 115 716 41 24 607 951 925
356 958 889 243 449 848 491 973 532 114 1000 267 910 187 193 40 866 387 897 755 365 208 471 356 122 618 460 390 567 264 394 640 85 960 950 485 229 452 524 389 90 1000 46 83 204 771 580 773 339 100 568 264 394 231
238 478 440 374 133 259 244 503 890 377 645 353 653 448 442 837 725 764 102 251 990 516 524 756 323 651 256 443 721 115 861 430 79 371 103 98 107 423 561 805 455 176 910 897 120 893 185 556 906 911 746 766 308 378
370 851 457 428 265 797 698 92 422 557 303 306 400 716 282 649 341 749 512 862 735 126 226 491 485 823 678 529 324 290 785 454 949 537 767 653 989 210 258 236 168 177 449 6 354 605 532 592 989 773 9 351 69 398
970 627 796 962 718 542 288 792 965 696 81 316 670 171 536 6 622 291 648 663 517 449 941 549 28 969 86 316 868 622 476 173 431 934 634 935 506 741 197 264 178 809 76 607 980 259 925 698 986 594 244 246 956 147
217 834 374 531 143 115 693 760 417 804 319 818 913 110 142 822 416 418 473 820 278 667 396 776 153 713 138 860 760 484 313 490 196 359 566 768 156 4 681 603 181 313 998 788 35 671 738 118 965 564 322 968 295 719
810 443 708 439 337 702 243 116 936 510 496 970 896 325 253 209 473 988 410 376 690 254 467 483 877 890 56 617 271 121 354 1000 991 37 507 366 289 394 106 403 113 934 41 491 992 792 46 435 129 370 360 918 544 272
133 750 564 130 151 208 189 414 557 947 288 183 421 167 980 33 576 373 652 950 622 679 283 956 623 61 276 198 288 749 665 680 523 599 410 659 853 310 156 520 663 471 525 72 927 669 251 942 338 737 352 45 562 721
121 965 865 614 839 282 577 818 523 635 785 761 230 848 567 668 257 274 388 200 300 290 729 967 213 179 306 693 73 868 37 426 940 120 398 930 644 215 760 277 962 720 359 950 633 958 914 266 942 13 214 191 733 673
505 501 941 278 106 785 779 615 647 26 151 870 640 773 365 561 651 470 738 822 2 405 417 359 49 530 55 593 495 473 588 112 545 931 169 328 989 345 927 747 6 770 248 532 165 140 199 952 329 262 327 713 964 607
884 782 453 34 57 860 316 359 630 304 737 622 959 441 937 609 13 403 232 479 13 270 647 779 412 9 431 81 988 212 991 919 331 95 995 167 837 971 859 659 523 779 944 672 98 735 30 463 496 594 617 778 198 566
329 771 271 68 675 147 175 439 475 710 501 79 993 298 24 518 551 239 512 488 508 906 635 531 787 559 535 43 625 569 817 876 742 545 849 767 793 816 689 199 544 835 705 402 81 210 443 944 160 798 849 782 571 829
251 213 910 215 740 323 126 136 877 437 180 775 22 862 313 564 713 344 201 218 430 520 672 336 138 480 317 886 251 485 312 168 757 200 107 650 555 385 600 45 342 579 345 488 658 367 725 139 141 668 104 312 604 42
819 585 270 258 0 578 11 559 753 812 531 273 222 922 554 170 570 89 958 188 588 110 984 398 451 793 336 16 961 916 810 819 488 239 334 210 154 243 896 63 686 460 765 611 166 415 355 406 832 462 727 442 994 62
376 760 762 246 525 921 704 428 938 482 927 28 525 34 397 415 543 195 395 669 916 454 158 260 145 280 249 185 628 794 91 390 742 55 907 463 901 299 447 835 437 530 767 837 816 953 731 238 338 255 341 2 903 296
151 132 1 980 456 217 101 743 149 263 944 927 226 346 521 700 380 367 427 406 402 628 246 935 545 87 638 705 986 194 369 624 703 483 962 46 890 33 977 399 644 990 862 257 395 91 894 166 820 597 966 387 936 768
608 265 772 247 161 695 512 979 752 108 660 983 203 818 480 50 420 362 84 38 733 343 279 861 603 785 276 743 411 349 490 739 728 958 489 898 949 445 406 202 492 879 663 309 450 833 784 152 313 700 756 815 163 127
134 648 786 158 225 390 76 709 924 623 449 823 136 89 650 410 47 565 226 97 708 470 910 951 664 334 585 29 691 284 142 913 818 989 0 565 586 614 850 315 221 816 836 997 488 415 241 357 182 0 567 935 593 777
634 425 966 93 120 465 867 193 804 938 109 904 911 280 872 311 924 291 219 768 965 544 899 665 717 170 155 781 667 185 257 6 546 672 399 236 560 764 704 870 398 880 222 227 255 190 544 216 975 52 574 514 516 107
37 586 988 664 825 909 656 53 984 335 224 191 303 594 146 712 346 397 364 568 866 64 750 612 14 747 237 512 178 958 116 750 335 95 656 239 561 295 920 498 755 925 893 155 892 560 655 654 798 274 539 64 887 142
999 469 339 120 632 666 950 952 592 574 473 812 739 11 455 675 687 404 48 769 340 230 615 341 22 266 567 711 816 626 199 947 729 773 779 857 575 721 163 772 570 62 250 923 50 852 382 609 215 904 958 607 202 330
729 587 640 464 668 621 700 395 360 128 186 670 139 340 900 618 853 548 491 653 377 412 333 421 716 451 704 96 936 473 104 729 579 766 806 347 146 11 690 656 725 703 314 224 777 303 509 154 105 808 50 601 764 579
82 843 873 503 312 14 549 103 7 932 420 865 108 581 498 821 214 340 455 510 317 649 943 933 85 730 468 290 334 532 503 94 880 75 302 982 730 246 94 993 989 175 149 570 958 653 408 785 885 357 84 67 628 933
744 645 224 108 817 443 34 126 958 199 652 245 222 432 980 16 227 112 470 576 839 46 850 211 793 233 528 171 940 196 184 100 125 563 818 97 774 969 575 276 882 394 207 590 253 463 381 211 613 494 231 95 618 701
251 773 660 607 36 858 44 99 879 157 842 966 362 470 717 753 697 1000 788 135 464 81 722 687 922 712 722 227 950 935 734 162 633 449 351 420 807 264 580 745 632 549 137 580 419 739 497 433 875 38 296 91 566 408
774 785 535 471 491 748 511 504 989 177 938 625 638 261 112 582 36 931 514 731 330 146 147 908 136 34 689 351 110 871 815 804 535 666 496 54 529 831 386 522 772 339 8 709 736 21 601 669 186 248 409 369 61 933
463 235 332 507 150 550 584 756 723 46 987 239 841 437 194 721 723 0 884 459 716 889 178 80 165 392 497 822 332 656 653 81 901 192 48 944 205 660 452 583 617 362 650 430 241 39 831 502 685 189 376 458 884 549
642 18 813 833 279 481 616 91 496 284 457 460 767 803 555 487 148 954 752 878 1 510 612 643 336 775 663 485 623 983 600 812 285 681 394 915 938 6 417 364 206 239 617 231 760 326 701 445 851 740 738 636 403 862
668 763 874 888 225 233 560 304 543 773 760 516 529 645 424 649 690 718 919 445 0 816 561 776 368 889 941 866 990 903 144 92 694 503 291 891 741 746 361 229 544 509 28 682 538 612 630 136 254 37 744 729 846 722
101 943 443 224 753 777 689 60 144 55 215 862 276 409 101 106 412 665 440 598 717 335 642 111 454 673 355 204 52 670 208 492 759 963 81 976 672 642 804 103 858 598 854 442 991 422 972 715 945 287 396 91 165 790
864 750 660 286 759 981 301 825 987 538 612 293 322 576 890 335 557 861 955 759 424 541 195 226 522 239 279 629 740 14 812 859 435 984 11 306 313 996 672 988 974 129 365 346 112 475 998 673 422 227 308 855 739 723
645 379 141 540 574 891 592 8 792 410 974 304 671 573 560 714 790 359 52 611 345 383 221 906 517 983 482 576 915 306 344 1000 568 732 105 87 339 315 604 345 489 936 690 333 565 876 393 433 209 570 481 683 65 275
397 57 439 451 474 317 168 216 50 333 815 768 304 713 597 135 739 685 167 290 565 588 399 710 460 885 569 931 562 228 341 694 130 948 551 202 888 428 106 905 143 917 934 634 370 864 54 473 835 78 993 217 971 230
250 437 238 859 579 847 235 142 47 860 792 742 201 684 590 581 207 52 582 213 909 24 412 53 845 431 156 89 218 451 882 383 577 68 774 713 451 530 212 347 861 150 519 126 718 282 551 255 800 291 725 757 683 709
878 119 894 860 368 305 426 643 780 353 669 166 5 15 415 633 177 332 559 817 874 463 461 865 839 224 594 548 812 785 278 897 995 509 448 307 142 203 437 146 795 0 858 797 129 226 272 268 915 134 106 667 650 655
572 92 31 812 403 79 9 91 143 822 353 613 710 678 465 264 227 869 818 754 555 459 811 119 692 1000 176 300 836 971 372 345 373 990 234 110 269 850 708 100 626 903 417 564 78 184 445 373 28 784 392 895 722 687
658 523 503 84 936 923 79 119 570 987 673 625 229 364 540 891 867 826 438 990 924 793 583 997 381 38 512 537 241 424 443 613 959 20 975 633 876 311 732 878 173 601 592 726 697 862 772 484 944 375 169 265 391 316
610 507 290 168 948 323 985 832 461 774 227 259 296 313 656 756 819 269 56 788 720 741 40 789 427 184 767 736 705 349 432 470 371 568 472 399 492 411 480 551 427 932 605 406 559 442 941 9 359 819 12 115 844 339
716 558 725 111 253 873 137 590 167 536 604 654 783 659 940 915 676 247 777 668 276 201 8 162 36 556 677 190 511 625 834 594 227 905 523 374 830 648 353 561 685 584 325 248 634 663 519 911 362 738 770 547 396 465
336 75 293 342 256 726 23 752 261 534 498 603 422 545 242 825 73 909 530 230 531 80 391 894 356 866 579 825 534 579 1 831 710 281 138 417 272 689 224 564 14 146 675 161 281 275 220 958 468 71 616 36 918 485
356 875 411 28 498 588 756 406 645 377 136 477 921 915 34 107 363 768 504 43 828 783 650 404 693 845 500 383 484 545 735 643 910 633 286 450 625 897 728 381 275 814 382 937 195 426 145 910 959 623 519 562 282 466
447 752 943 75 795 121 255 642 842 379 526 587 650 94 275 743 661 962 551 645 476 429 714 267 413 276 123 917 410 286 357 436 277 283 856 944 436 530 79 914 557 856 412 921 296 287 348 888 197 842 853 667 35 371
889 957 85 748 967 441 588 322 347 56 868 336 824 144 287 385 42 613 783 665 894 1000 385 703 451 764 664 448 823 119 934 549 363 588 261 984 38 108 432 580 866 465 53 802 380 508 126 11 383 634 517 797 453 966
614 262 609 282 752 229 96 758 393 755 915 559 457 489 784 725 422 898 794 356 217 538 699 971 625 669 527 517 205 676 811 593 805 662 973 590 928 845 697 798 458 144 158 354 282 943 534 410 553 393 290 915 962 107
