100
50 60 100
60 60 63
56 68 60
48 14 48
59 18 58
12 12 9
13 52 64
75 75 40
6 8 10
75 76 13
74 15 20
60 60 25
60 25 65
58 17 1
45 60 60
18 80 82
68 22 24
62 65 59
53 28 13
11 54 61
4 3 4
13 25 85
23 73 20
14 50 14
24 40 40
77 97 28
25 37 85
97 43 65
25 61 50
62 68 20
31 53 60
85 68 51
57 57 95
51 71 28
3 5 4
9 15 9
72 72 30
42 70 64
95 39 37
16 88 61
75 5 17
16 34 34
41 40 9
32 24 32
33 29 55
33 44 44
63 89 74
76 28 96
54 90 72
72 5 75
9 15 9
4 3 4
18 30 24
75 79 21
68 51 68
12 37 26
20 29 21
36 85 85
14 82 24
36 100 96
65 97 65
12 12 37
42 99 78
41 15 65
84 13 85
80 60 80
30 18 18
60 60 87
85 60 91
93 60 25
50 14 78
54 54 90
12 51 65
60 60 11
11 60 60
44 97 21
24 51 51
82 27 36
5 5 13
16 68 63
51 85 85
27 25 7
33 55 35
24 25 8
98 28 45
5 4 3
34 70 85
72 55 75
48 30 24
12 12 9
48 80 48
85 36 36
38 29 37
29 66 78
83 88 1
60 45 60
45 45 27
25 78 30
57 95 57
39 33 24
