100
-8783 8482 7603 5034 37
9262 -7984 -6741 3227 2
4683 -5680 1784 -3576 99
8565 408 -3117 -5495 75
903 -3342 6923 -7453 13
9040 -7472 9768 -8999 87
5326 2951 -1832 -3269 26
1962 861 5958 6706 44
775 6038 5303 -8714 55
1142 -1626 -2335 5871 1
-3357 -3104 -8061 3431 14
-2608 4283 -7677 -6224 53
11 5768 -3767 -8026 76
-2427 822 4174 7772 26
7075 -4039 -6320 -577 32
8175 2696 8219 -300 55
4103 6551 9526 -312 61
-9526 -9106 4120 5604 12
6966 -8110 381 -4289 32
-8638 3006 3052 2083 48
1196 7095 3086 -1167 28
2182 534 -7262 4922 57
-7485 6836 -5673 5640 88
-7348 2025 -4970 -2791 93
-1968 -6587 2727 9996 10
-3141 -616 -3304 4012 57
-5933 9630 5182 328 63
7873 -5354 -6149 -7984 39
-8881 9639 2384 -1799 17
-1549 -1527 2494 -9067 33
2796 -9415 3369 -8503 37
-7241 5514 8477 4167 10
-1815 7196 -4490 2636 53
1693 -1680 -7794 3484 63
-175 -2730 2487 1879 93
2277 301 3174 -8685 65
124 -4931 -7785 4181 45
5699 -6606 -9533 -3826 41
-1591 4172 611 5259 67
-2597 -8158 5091 -5141 89
8417 -292 -9075 -7109 16
-1737 -9049 -8955 4308 46
4557 -4345 2738 -1278 89
7381 6461 -9381 2342 37
-212 998 8553 278 34
-1834 -6966 -3390 -4410 98
-9676 8514 3291 -863 91
-8567 5992 -4056 9209 67
-8162 9464 -215 -5749 54
-2705 7187 5103 6794 41
9105 -2298 -6738 9687 47
-756 7111 6821 5979 40
-855 7209 -6801 6450 9
-6805 -6016 -3701 4704 82
5870 4958 -2038 8120 24
1704 3235 -8949 2108 54
-734 -9514 -1304 -1600 47
1468 -9137 -6571 -7219 78
2925 6625 -8542 -1028 45
-6628 728 2428 6299 43
842 2075 7533 9555 37
6997 -6782 -2870 1927 66
-3356 8763 -5823 -4638 84
8393 8792 -326 4800 73
-5930 -4952 -4383 -5487 78
-8802 1032 151 -955 33
-6278 6961 404 -3757 71
-7073 -61 -9558 3725 93
-9947 -2813 -8475 -4403 64
-7947 -4672 5779 3189 46
-358 1715 -6596 -8385 73
-9652 -6344 3765 170 9
8443 527 -1212 -8622 54
-3332 1495 -9006 -7036 74
-7561 -6346 708 3492 28
-4662 -6459 8098 -3909 18
1803 1161 -4641 -5649 28
-7469 -1465 5498 8021 47
-9391 1364 310 7703 3
1142 1733 -8581 9592 34
5410 5147 -4042 7582 77
-1129 -1295 4726 -28 91
-3432 8436 -8002 -1543 77
661 980 -2115 4861 90
-6410 -9128 -189 8141 40
-9315 9201 -2250 -140 47
-9171 -6659 -1401 -6424 48
1198 8954 -1146 -7432 55
8465 4184 -9738 -3140 89
-1356 9782 2336 7135 73
563 -6126 -7102 7198 48
296 5302 -3991 38 46
4049 -2993 6149 -9324 11
5624 -9303 2844 -8127 35
1914 9444 -1169 4562 96
-1362 9219 -2855 -4395 55
1498 -4517 6328 -1909 91
5507 4 -3073 9271 20
-505 4503 -3256 -7665 73
-5502 -2918 4909 -6875 42
