52 26
237 286 881 289 564 587 941 770 597 768 308 535 208 211 853 213 879 195 66 211 878 944 42 841 176 83
986 257 196 576 399 422 11 79 64 424 310 239 130 313 798 554 955 766 46 215 13 934 841 193 314 640
888 427 183 26 988 269 78 198 907 196 132 378 102 543 63 333 689 257 574 456 91 477 132 597 519 765
197 606 555 542 707 129 588 598 283 770 595 716 129 831 712 917 367 451 606 698 787 317 410 700 150 868
181 229 34 293 163 192 122 773 530 925 993 825 556 894 276 485 99 124 53 448 725 772 216 486 838 350
110 216 904 906 865 551 715 454 609 242 330 343 264 939 612 151 979 465 519 186 452 327 849 688 765 176
265 613 520 759 789 539 464 940 712 372 222 788 985 932 392 408 755 194 331 961 402 695 156 782 1000 898
426 810 695 383 77 773 226 777 317 532 173 567 423 553 596 165 499 878 807 352 272 389 477 146 32 440
383 590 469 479 443 613 243 724 866 93 608 834 296 127 117 38 702 555 461 424 814 163 252 364 829 613
1000 989 875 209 56 590 395 126 492 220 832 243 808 497 940 786 398 871 317 900 19 740 112 391 779 302
348 451 891 505 827 241 370 230 654 619 468 793 362 685 588 693 531 89 278 4 504 986 189 236 357 391
86 254 504 662 289 684 985 244 405 184 341 209 388 489 724 199 570 254 740 726 936 49 632 382 178 526
64 773 475 70 995 736 638 318 799 927 852 345 47 30 243 425 292 468 746 934 435 388 864 109 996 30
169 181 74 703 12 992 724 827 191 47 67 242 962 341 992 486 879 791 428 412 243 887 252 961 715 611
358 705 473 934 341 62 867 793 329 49 526 449 574 227 757 107 433 650 191 689 505 907 108 158 435 685
972 210 74 266 832 144 289 481 754 249 808 63 965 195 866 322 762 283 162 486 188 316 18 570 20 326
414 247 994 730 563 732 267 558 417 135 908 174 968 657 509 285 112 200 422 601 253 915 236 817 51 613
801 869 572 455 847 37 724 727 409 233 988 769 398 781 629 778 143 767 371 626 863 951 563 30 166 230
522 556 65 964 458 89 216 973 569 905 832 702 242 900 894 869 519 431 906 170 281 132 508 422 745 356
113 70 666 505 390 127 607 901 496 143 89 343 36 189 665 216 835 697 395 515 454 144 194 919 598 71
429 420 149 285 173 481 918 94 981 815 734 885 891 108 518 987 859 903 511 220 32 789 637 976 171 663
381 559 74 131 612 226 737 114 185 701 290 768 911 884 69 756 149 749 11 630 791 972 669 894 659 955
23 165 96 825 25 461 505 584 409 98 650 800 203 566 206 935 499 561 617 889 21 472 566 109 382 633
787 946 953 253 808 429 49 308 858 31 187 812 238 445 722 258 687 167 33 925 274 86 170 831 597 747
833 357 92 328 300 126 168 641 802 893 981 819 366 565 258 525 328 531 527 228 44 553 225 279 557 719
253 771 865 478 43 918 323 642 273 953 639 1 600 292 684 330 853 333 878 13 158 165 701 322 836 124
482 891 848 834 595 76 942 561 707 406 608 221 275 86 46 237 961 763 903 204 896 119 683 591 960 236
427 832 763 25 156 404 841 814 131 338 17 926 385 537 964 551 775 719 481 838 681 517 924 650 535 614
336 907 211 462 161 789 365 25 57 220 329 496 518 608 929 106 482 972 208 874 76 488 67 255 853 129
446 362 289 292 868 625 61 387 920 35 727 448 924 544 83 692 691 248 316 328 484 188 929 137 412 641
476 904 306 519 789 823 620 580 3 981 12 529 401 986 972 589 855 534 970 689 475 99 587 726 823 595
986 849 834 676 920 249 507 355 774 229 984 259 211 548 725 636 514 867 476 281 646 655 377 756 586 481
862 708 904 370 361 425 580 789 748 62 322 101 622 271 638 822 793 933 484 980 854 330 293 341 876 757
689 98 821 663 653 417 424 717 876 180 342 422 883 195 711 941 297 87 712 369 354 23 640 761 754 925
886 590 392 366 992 998 464 591 468 170 676 846 670 257 227 9 113 931 347 92 150 958 607 866 397 338
316 865 152 168 126 915 968 394 873 45 490 817 164 340 273 680 235 580 286 600 178 359 759 860 810 673
481 618 295 236 114 928 805 331 258 871 577 658 137 717 228 70 130 309 613 352 647 731 348 135 775 579
743 657 437 709 676 612 643 120 421 609 534 911 635 693 851 831 757 232 935 860 544 426 128 965 24 145
186 990 261 52 756 480 803 324 99 275 758 127 912 889 777 407 927 195 553 97 241 358 165 74 553 651
45 78 881 910 589 649 169 780 650 2 575 234 224 399 809 246 875 846 430 956 496 456 39 398 183 973
441 375 72 803 447 405 176 279 568 411 743 992 379 888 262 690 341 799 556 184 797 856 152 962 670 418
829 556 865 573 962 615 772 608 647 553 173 728 452 140 771 590 282 772 15 180 412 902 15 406 61 980
14 494 68 257 687 204 594 700 572 964 722 549 76 276 997 187 841 2 705 851 666 341 981 60 216 136
869 833 0 378 848 196 993 888 952 916 238 817 806 440 913 301 509 433 64 836 908 327 804 234 696 127
827 163 507 162 971 72 40 826 369 663 558 977 878 653 383 755 798 475 854 513 706 388 182 752 258 332
339 195 951 273 537 963 168 561 565 301 443 76 840 834 876 95 644 763 205 619 31 670 877 682 79 722
566 143 416 718 365 965 167 75 793 315 729 419 333 640 549 615 458 831 873 859 852 982 608 542 167 231
894 230 240 711 379 499 362 785 799 128 110 463 236 534 917 853 790 844 236 901 388 108 154 510 31 509
640 45 835 987 537 70 213 591 698 544 364 406 947 15 482 483 962 720 169 702 464 597 55 988 707 340
897 625 635 566 574 991 990 151 344 346 560 623 741 569 276 16 391 390 505 64 743 215 389 537 51 25
636 37 645 983 740 304 647 811 984 122 660 692 817 315 418 4 154 425 19 18 801 182 956 130 622 88
668 859 254 418 582 441 114 239 233 308 553 223 215 260 133 38 543 910 253 327 116 681 566 205 707 214
