30
4 8 10 6 4
1 3
7 1 2 3 4 5 6 7
2 3 7
10 15 15 15 10 10 5 8 8 13 1
2 1 10
20 1 2 3 4 5 6 7 8 9 10 11 12 13 14 15 16 17 18 19 20
1 6
20 1 2 3 4 5 6 7 8 9 10 11 12 13 14 15 16 17 18 19 20
1 19
20 1 2 3 4 5 6 7 8 9 10 11 12 13 14 15 16 17 18 19 20
2 3 7
20 1 2 3 4 5 6 7 8 9 10 11 12 13 14 15 16 17 18 19 20
3 3 7 12
20 1 2 3 4 5 6 7 8 9 10 11 12 13 14 15 16 17 18 19 20
4 3 7 12 17
20 1 2 3 4 5 6 7 8 9 10 11 12 13 14 15 16 17 18 19 20
5 3 7 12 17 20
20 1 2 3 4 5 6 7 8 9 10 11 12 13 14 15 16 17 18 19 20
7 3 7 12 17 18 19 20
20 1000000 2000000 3000000 4000000 5000000 6000000 7000000 8000000 9000000 10000000 11000000 12000000 13000000 14000000 15000000 16000000 17000000 18000000 19000000 20000000
5 3 7 12 17 20
20 1000000 2000000 3000000 4000000 5000000 6000000 7000000 8000000 9000000 10000000 11000000 12000000 13000000 14000000 15000000 16000000 17000000 18000000 19000000 20000000
4 1 2 6 7
20 100000000 100000000 100000000 100000000 100000000 100000000 100000000 100000000 100000000 100000000 100000000 100000000 100000000 100000000 100000000 100000000 100000000 100000000 100000000 100000000
1 8
20 100000000 100000000 100000000 100000000 100000000 100000000 100000000 100000000 100000000 100000000 100000000 100000000 100000000 100000000 100000000 100000000 100000000 100000000 100000000 100000000
4 2 7 8 9
20 100000000 100000000 100000000 100000000 100000000 100000000 100000000 100000000 100000000 100000000 100000000 100000000 100000000 100000000 100000000 100000000 100000000 100000000 100000000 100000000
7 3 4 12 13 17 18 19
20 100000000 100000000 100000000 100000000 100000000 100000000 100000000 100000000 100000000 100000000 100000000 100000000 100000000 100000000 100000000 100000000 100000000 100000000 100000000 100000000
10 1 3 4 12 13 15 17 18 19 20
20 1243207 1836410 78323 22029 15223226 3506043 2751212 798647 3303226 8044067 1711290 2018435 2837999 3629128 8206343 1351395 2775845 2668130 2921083 8686742
3 2 7 13
20 1243207 1836410 78323 22029 15223226 3506043 2751212 798647 3303226 8044067 1711290 2018435 2837999 3629128 8206343 1351395 2775845 2668130 2921083 8686742
2 2 7
20 1243207 1836410 78323 22029 15223226 3506043 2751212 798647 3303226 8044067 1711290 2018435 2837999 3629128 8206343 1351395 2775845 2668130 2921083 8686742
5 6 7 8 9 10
20 1243207 1836410 78323 22029 15223226 3506043 2751212 798647 3303226 8044067 1711290 2018435 2837999 3629128 8206343 1351395 2775845 2668130 2921083 8686742
2 16 18
20 22833123 22833000 22832980 22833126 22832970 22832981 22833111 22832958 22833103 22833028 22833074 22832955 22833008 22833007 22833073 22833053 22833100 22833101 22833081 22832978
3 2 6 7
20 22833123 22833000 22832980 22833126 22832970 22832981 22833111 22832958 22833103 22833028 22833074 22832955 22833008 22833007 22833073 22833053 22833100 22833101 22833081 22832978
5 1 11 13 14 17
20 22833123 22833000 22832980 22833126 22832970 22832981 22833111 22832958 22833103 22833028 22833074 22832955 22833008 22833007 22833073 22833053 22833100 22833101 22833081 22832978
5 1 11 13 14 18
20 22833123 22833000 22832980 22833126 22832970 22832981 22833111 22832958 22833103 22833028 22833074 22832955 22833008 22833007 22833073 22833053 22833100 22833101 22833081 22832978
4 7 9 15 16
20 22833123 22833000 22832980 22833126 22832970 22832981 22833111 22832958 22833103 22833028 22833074 22832955 22833008 22833007 22833073 22833053 22833100 22833101 22833081 22832978
4 8 10 19 20
20 22833123 22833000 22832980 22833126 22832970 22832981 22833111 22832958 22833103 22833028 22833074 22832955 22833008 22833007 22833073 22833053 22833100 22833101 22833081 22832978
6 1 3 5 7 9 11
20 22833123 22833000 22832980 22833126 22832970 22832981 22833111 22832958 22833103 22833028 22833074 22832955 22833008 22833007 22833073 22833053 22833100 22833101 22833081 22832978
7 2 4 6 8 10 12 15
20 3069522 7432008 2503492 3999580 6694453 97740102 3917451 5989993 3521051 6774514 2521478 8748074 4153232 9447578 2992368 5561164 6943519 8095668 3339698 2035259
1 6
20 3069522 7432008 2503492 3999580 6694453 97740102 3917451 5989993 3521051 6774514 2521478 8748074 4153232 9447578 2992368 5561164 6943519 8095668 3339698 2035259
19 1 2 3 4 5 7 8 9 10 11 12 13 14 15 16 17 18 19 20
20 3069522 7432008 2503492 3999580 6694453 97740102 3917451 5989993 3521051 6774514 2521478 8748074 4153232 9447578 2992368 5561164 6943519 8095668 3339698 2035259
1 4
