92
5 2 3 4 -1 -2 1
6 1 2 3 4 5 6 30
10 60 -1 -2 -3 -4 -5 -6 -7 -8 -9 13
10 58 -1 -2 -3 -4 -5 -6 -7 -8 -9 13
10 33 -1 -2 -3 -4 -5 -6 -7 -8 -9 13
5 -1 -1 -1 -1 -1 2
15 4 5 6 7 6 5 67 7 9 10 11 12 13 14 15 3
99 2 3 4 5 6 7 8 9 10 11 12 13 14 15 16 17 18 19 20 21 22 23 24 25 26 27 28 29 30 31 32 33 34 35 36 37 38 39 40 41 42 43 44 45 46 47 48 49 50 51 52 53 54 55 56 57 58 59 60 61 62 63 64 65 66 67 68 69 70 71 72 73 74 75 76 77 78 79 80 81 82 83 84 85 86 87 88 89 90 91 92 93 94 95 96 97 98 99 100 1
19 1 2 4 8 16 32 64 128 256 512 1024 2048 4096 8192 16384 32768 65536 131072 262144 228137
19 1 2 4 8 16 32 64 128 256 512 1024 2048 4096 8192 16384 32768 65536 131072 262144 225145
19 1 2 4 8 16 32 64 128 256 512 1024 2048 4096 8192 16384 32768 65536 131072 262144 519695
19 1 2 4 8 16 32 64 128 256 512 1024 2048 4096 8192 16384 32768 65536 131072 262144 409072
19 1 2 4 8 16 32 64 128 256 512 1024 2048 4096 8192 16384 32768 65536 131072 262144 77665
19 1 2 4 8 16 32 64 128 256 512 1024 2048 4096 8192 16384 32768 65536 131072 262144 63044
19 1 2 4 8 16 32 64 128 256 512 1024 2048 4096 8192 16384 32768 65536 131072 262144 417284
19 1 2 4 8 16 32 64 128 256 512 1024 2048 4096 8192 16384 32768 65536 131072 262144 388491
19 1 2 4 8 16 32 64 128 256 512 1024 2048 4096 8192 16384 32768 65536 131072 262144 512726
19 1 2 4 8 16 32 64 128 256 512 1024 2048 4096 8192 16384 32768 65536 131072 262144 483039
19 1 2 4 8 16 32 64 128 256 512 1024 2048 4096 8192 16384 32768 65536 131072 262144 150659
19 1 2 4 8 16 32 64 128 256 512 1024 2048 4096 8192 16384 32768 65536 131072 262144 541350
19 1 2 4 8 16 32 64 128 256 512 1024 2048 4096 8192 16384 32768 65536 131072 262144 279139
19 1 2 4 8 16 32 64 128 256 512 1024 2048 4096 8192 16384 32768 65536 131072 262144 155019
19 1 2 4 8 16 32 64 128 256 512 1024 2048 4096 8192 16384 32768 65536 131072 262144 198965
19 1 2 4 8 16 32 64 128 256 512 1024 2048 4096 8192 16384 32768 65536 131072 262144 350701
19 1 2 4 8 16 32 64 128 256 512 1024 2048 4096 8192 16384 32768 65536 131072 262144 403045
19 1 2 4 8 16 32 64 128 256 512 1024 2048 4096 8192 16384 32768 65536 131072 262144 525196
19 1 2 4 8 16 32 64 128 256 512 1024 2048 4096 8192 16384 32768 65536 131072 262144 181304
19 1 2 4 8 16 32 64 128 256 512 1024 2048 4096 8192 16384 32768 65536 131072 262144 302630
19 1 2 4 8 16 32 64 128 256 512 1024 2048 4096 8192 16384 32768 65536 131072 262144 524287
19 1 2 4 8 16 32 64 128 256 512 1024 2048 4096 8192 16384 32768 65536 131072 262144 524288
23 1 3 9 27 81 243 729 2187 6561 19683 59049 177147 -1 -3 -9 -27 -81 -243 -729 -2187 -6561 -19683 -59049 585808
23 1 3 9 27 81 243 729 2187 6561 19683 59049 177147 -1 -3 -9 -27 -81 -243 -729 -2187 -6561 -19683 -59049 139627
23 1 3 9 27 81 243 729 2187 6561 19683 59049 177147 -1 -3 -9 -27 -81 -243 -729 -2187 -6561 -19683 -59049 55037
23 1 3 9 27 81 243 729 2187 6561 19683 59049 177147 -1 -3 -9 -27 -81 -243 -729 -2187 -6561 -19683 -59049 467133
23 1 3 9 27 81 243 729 2187 6561 19683 59049 177147 -1 -3 -9 -27 -81 -243 -729 -2187 -6561 -19683 -59049 433733
23 1 3 9 27 81 243 729 2187 6561 19683 59049 177147 -1 -3 -9 -27 -81 -243 -729 -2187 -6561 -19683 -59049 133200
23 1 3 9 27 81 243 729 2187 6561 19683 59049 177147 -1 -3 -9 -27 -81 -243 -729 -2187 -6561 -19683 -59049 100773
23 1 3 9 27 81 243 729 2187 6561 19683 59049 177147 -1 -3 -9 -27 -81 -243 -729 -2187 -6561 -19683 -59049 220632
23 1 3 9 27 81 243 729 2187 6561 19683 59049 177147 -1 -3 -9 -27 -81 -243 -729 -2187 -6561 -19683 -59049 408451
23 1 3 9 27 81 243 729 2187 6561 19683 59049 177147 -1 -3 -9 -27 -81 -243 -729 -2187 -6561 -19683 -59049 191939
23 1 3 9 27 81 243 729 2187 6561 19683 59049 177147 -1 -3 -9 -27 -81 -243 -729 -2187 -6561 -19683 -59049 591776
23 1 3 9 27 81 243 729 2187 6561 19683 59049 177147 -1 -3 -9 -27 -81 -243 -729 -2187 -6561 -19683 -59049 547851
23 1 3 9 27 81 243 729 2187 6561 19683 59049 177147 -1 -3 -9 -27 -81 -243 -729 -2187 -6561 -19683 -59049 335750
23 1 3 9 27 81 243 729 2187 6561 19683 59049 177147 -1 -3 -9 -27 -81 -243 -729 -2187 -6561 -19683 -59049 485303
23 1 3 9 27 81 243 729 2187 6561 19683 59049 177147 -1 -3 -9 -27 -81 -243 -729 -2187 -6561 -19683 -59049 280369
23 1 3 9 27 81 243 729 2187 6561 19683 59049 177147 -1 -3 -9 -27 -81 -243 -729 -2187 -6561 -19683 -59049 324752
23 1 3 9 27 81 243 729 2187 6561 19683 59049 177147 -1 -3 -9 -27 -81 -243 -729 -2187 -6561 -19683 -59049 513259
23 1 3 9 27 81 243 729 2187 6561 19683 59049 177147 -1 -3 -9 -27 -81 -243 -729 -2187 -6561 -19683 -59049 289163
23 1 3 9 27 81 243 729 2187 6561 19683 59049 177147 -1 -3 -9 -27 -81 -243 -729 -2187 -6561 -19683 -59049 409330
23 1 3 9 27 81 243 729 2187 6561 19683 59049 177147 -1 -3 -9 -27 -81 -243 -729 -2187 -6561 -19683 -59049 382392
23 1 3 9 27 81 243 729 2187 6561 19683 59049 177147 -1 -3 -9 -27 -81 -243 -729 -2187 -6561 -19683 -59049 265720
23 1 3 9 27 81 243 729 2187 6561 19683 59049 177147 -1 -3 -9 -27 -81 -243 -729 -2187 -6561 -19683 -59049 265721
23 1 3 9 27 81 243 729 2187 6561 19683 59049 177147 -1 -3 -9 -27 -81 -243 -729 -2187 -6561 -19683 -59049 224953
23 1 3 9 27 81 243 729 2187 6561 19683 59049 177147 -1 -3 -9 -27 -81 -243 -729 -2187 -6561 -19683 -59049 190992
23 1 3 9 27 81 243 729 2187 6561 19683 59049 177147 -1 -3 -9 -27 -81 -243 -729 -2187 -6561 -19683 -59049 63072
23 1 3 9 27 81 243 729 2187 6561 19683 59049 177147 -1 -3 -9 -27 -81 -243 -729 -2187 -6561 -19683 -59049 97126
23 1 3 9 27 81 243 729 2187 6561 19683 59049 177147 -1 -3 -9 -27 -81 -243 -729 -2187 -6561 -19683 -59049 140850
23 1 3 9 27 81 243 729 2187 6561 19683 59049 177147 -1 -3 -9 -27 -81 -243 -729 -2187 -6561 -19683 -59049 160922
23 1 3 9 27 81 243 729 2187 6561 19683 59049 177147 -1 -3 -9 -27 -81 -243 -729 -2187 -6561 -19683 -59049 134898
23 1 3 9 27 81 243 729 2187 6561 19683 59049 177147 -1 -3 -9 -27 -81 -243 -729 -2187 -6561 -19683 -59049 174294
23 1 3 9 27 81 243 729 2187 6561 19683 59049 177147 -1 -3 -9 -27 -81 -243 -729 -2187 -6561 -19683 -59049 156649
23 1 3 9 27 81 243 729 2187 6561 19683 59049 177147 -1 -3 -9 -27 -81 -243 -729 -2187 -6561 -19683 -59049 42298
23 1 3 9 27 81 243 729 2187 6561 19683 59049 177147 -1 -3 -9 -27 -81 -243 -729 -2187 -6561 -19683 -59049 254869
23 1 3 9 27 81 243 729 2187 6561 19683 59049 177147 -1 -3 -9 -27 -81 -243 -729 -2187 -6561 -19683 -59049 136306
23 1 3 9 27 81 243 729 2187 6561 19683 59049 177147 -1 -3 -9 -27 -81 -243 -729 -2187 -6561 -19683 -59049 158151
23 1 3 9 27 81 243 729 2187 6561 19683 59049 177147 -1 -3 -9 -27 -81 -243 -729 -2187 -6561 -19683 -59049 30439
23 1 3 9 27 81 243 729 2187 6561 19683 59049 177147 -1 -3 -9 -27 -81 -243 -729 -2187 -6561 -19683 -59049 107886
23 1 3 9 27 81 243 729 2187 6561 19683 59049 177147 -1 -3 -9 -27 -81 -243 -729 -2187 -6561 -19683 -59049 181986
23 1 3 9 27 81 243 729 2187 6561 19683 59049 177147 -1 -3 -9 -27 -81 -243 -729 -2187 -6561 -19683 -59049 259467
23 1 3 9 27 81 243 729 2187 6561 19683 59049 177147 -1 -3 -9 -27 -81 -243 -729 -2187 -6561 -19683 -59049 180355
23 1 3 9 27 81 243 729 2187 6561 19683 59049 177147 -1 -3 -9 -27 -81 -243 -729 -2187 -6561 -19683 -59049 149246
23 1 3 9 27 81 243 729 2187 6561 19683 59049 177147 -1 -3 -9 -27 -81 -243 -729 -2187 -6561 -19683 -59049 85859
99 1132 2592 1749 535 1690 4877 7388 7228 8013 866 689 5683 7743 9263 5691 4846 7575 4148 9111 3088 6972 9234 8827 4324 5475 8818 8428 9087 9689 7381 1190 9843 8419 8740 7263 2922 1544 2562 7909 4965 337 2420 8636 9424 4815 8289 2629 2140 6462 7275 617 3409 1136 4247 3529 8081 7260 2163 1964 8998 9650 5840 7959 1478 7598 2324 694 4711 8539 6273 9228 3682 5842 1974 1344 9785 9354 2570 9166 7743 2244 8066 7131 7342 5344 4933 9936 91 9252 9357 6841 9211 8357 4065 2516 4583 6808 8794 3451 922166
99 819 3902 226 6171 2670 7794 4108 6683 2639 80 8629 1008 3091 157 1920 3360 3757 221 8768 3636 9042 6941 325 9384 7759 3028 6815 6872 5686 1528 4293 785 2407 4241 6833 7959 7683 7119 7265 8769 4326 289 7783 5532 2826 1600 4153 8829 6519 7373 9177 5805 9944 98 3513 9229 3724 5264 6932 9852 1303 9676 3619 5252 5034 1585 5199 3967 6124 6457 8681 5970 8886 2163 5292 9674 7130 4659 3751 6430 4277 364 635 7292 6948 5438 4747 8233 4879 1247 2902 1086 7393 7292 3400 5174 4648 3830 5253 740983
99 4868 5466 790 9291 8712 725 3728 2356 1561 6981 6915 9654 9808 2826 3744 8558 5595 5923 5949 2732 2461 5902 7118 167 9316 8879 6221 4338 334 919 7915 5297 7574 6248 7616 7015 4714 5305 4834 3703 7332 7274 726 2430 3018 8566 4646 262 5482 9059 6270 6167 7516 2245 8464 2180 2508 1347 4875 2340 6143 750 3577 8230 468 5581 5215 9368 6099 9134 2094 4266 7152 4843 1064 5569 8533 5626 8573 8717 925 6436 1908 4561 4585 5111 8178 8412 1939 6208 9187 3884 563 5922 4214 1634 1660 6239 6776 831128
99 9645 8911 9504 64 5526 3525 7537 2925 5478 646 6881 9422 3985 8091 1365 5872 4299 2564 226 3560 595 9568 3772 2341 3243 8331 9500 636 2687 2712 6968 2806 8465 1744 9861 5537 1332 9224 8538 3575 8487 8422 7706 6362 9397 17 7966 1630 1432 1516 8267 2154 9738 7957 4374 4672 8205 4914 161 5329 3732 4803 5175 2681 8765 2513 2389 851 6032 1906 7671 223 6966 4676 6668 8898 4505 968 9129 5446 8019 9898 1914 4999 9272 1445 5717 6817 1328 6093 212 5912 9776 6108 7753 4795 5236 5849 8894 866913
99 8831 6302 8068 2102 469 2669 4852 8942 2733 2277 3228 8078 7985 6942 7076 1266 8677 6184 8801 6834 1273 6717 8746 7620 273 5655 6715 8891 9587 4722 5441 2434 226 5351 1192 4734 9353 1734 3177 8635 1650 3906 738 6595 4858 3595 3976 8728 9722 2619 1267 4142 7632 1810 2479 8358 277 216 347 4747 6796 7861 4870 9768 6623 3281 8359 7250 2433 2113 8593 8128 219 2465 1461 6672 7997 7687 7259 7934 8650 9687 5856 7085 1826 9085 5103 2153 9724 6823 6875 9695 5014 7736 2350 6822 2119 8119 5597 858958
99 2367 1445 1494 1140 9829 5858 6360 8041 3750 6047 4368 5231 3828 3528 2428 5420 6865 3414 5360 5458 2824 7702 9554 4528 8874 2622 8301 7261 3585 8645 5549 2325 2025 5728 3475 7602 2091 4477 1393 9588 78 2189 2144 4946 3728 7469 6555 3057 810 7113 1462 5779 9451 2275 7522 4268 5475 6465 7759 9766 9853 4595 6774 1989 9691 6266 2980 571 4713 8827 9818 4343 9576 9159 5762 3039 8310 486 5405 5896 3406 1768 7375 4857 5633 826 4426 7016 5573 8587 8679 5322 1048 8265 6122 7103 1010 6539 4541 218547
99 1295 6162 3784 1754 7726 5643 5358 805 2579 3523 3425 7586 4940 9497 8655 7451 8658 4848 5238 9054 9078 7572 3105 2738 4889 3071 1919 4258 8354 8279 4063 1840 2390 2327 3241 4524 6687 6367 3942 1704 5600 2708 1129 7678 9018 9206 3471 240 8888 9293 9694 4626 2277 5445 6584 7681 4856 3861 5679 476 8499 8977 3510 682 1357 8595 8768 9731 5411 8052 8853 1349 5259 3569 9379 9768 1302 4229 762 4961 8648 4073 1705 4666 5615 3508 5178 7572 5053 9803 9909 6798 8112 1191 5664 7396 2901 7694 5853 61737
99 6993 3458 8931 2526 3547 8047 7130 426 5040 3007 2333 8829 8049 6072 6255 1326 6608 904 269 6977 2241 6929 4571 2371 5487 9774 5228 2069 7526 1476 3954 525 6592 7020 3902 1613 5481 9456 1971 7181 810 4262 4194 1221 5972 5050 9432 2231 2183 7699 5992 7809 6812 3610 1575 6748 6737 1743 9072 8268 964 3349 3732 9516 6685 636 5403 7926 4437 5249 7970 939 3700 590 299 3353 1787 1411 1181 1238 9301 5228 7833 3772 9758 2332 6732 3100 6977 1954 6797 5796 277 625 385 4122 3894 7531 502 605263
99 8734 8723 3851 8775 2829 5427 1221 5514 2558 7215 3853 1223 4741 407 8178 4426 6787 9684 9404 1161 9109 4595 7551 9622 8181 8831 9839 3888 1061 8437 5312 6019 2845 1872 9832 2700 5622 1317 7259 618 684 1373 376 3077 4469 2842 3596 2866 4608 5211 1042 8084 8838 9580 4606 4133 132 8534 933 8648 4577 5716 4893 7509 7416 8868 3959 927 2686 766 1448 2008 1242 1550 1636 7080 7563 3628 3633 2729 5903 7568 220 77 2795 5455 2669 7780 3943 2706 4981 7848 7931 9559 5133 5341 8734 9727 8170 565062
99 3125 8816 9182 1016 1055 3072 4371 6608 1736 6388 171 5365 5909 9168 7974 4885 9525 5409 6352 2635 2985 3844 1813 1963 8242 946 5319 8691 3366 8773 5657 2828 7551 6905 6869 8282 4779 7678 3619 7286 2287 6380 6695 6622 1277 7919 5195 1292 8814 7599 2663 8641 3479 5434 2670 2333 4558 7964 8111 3522 7610 2131 1582 5067 3665 3832 1875 5736 9616 8546 3663 1029 3973 2139 5785 1045 8719 8374 9355 1249 1016 6047 5471 3503 8357 3304 9738 6943 2042 1745 2953 5183 1830 3149 47 2914 3036 1279 1186 790612
99 9820 7232 6918 7507 9990 873 8132 7016 4064 2229 6941 5373 9408 9446 1751 7030 1059 838 6688 4834 2075 1290 2674 2180 6391 4638 774 7620 6459 4671 7016 8045 3107 6188 2900 7357 8900 6308 656 4844 5799 8583 2527 6314 445 5026 5126 2481 6528 6168 9334 1645 9727 9645 2740 1093 2972 3366 1880 3417 759 1 2115 3698 9029 8139 3933 8631 4292 8114 3001 3084 2358 7048 7011 9785 5396 8633 884 1901 8173 8695 8712 7633 8878 9924 6297 1507 5882 5364 2558 2106 4370 6735 6655 1762 6642 5021 5217 878042
99 1537 381 8400 4001 1222 9825 8616 4408 6925 5673 8231 9105 2561 9311 907 9013 5679 8645 680 80 5270 9644 6216 9192 1742 3791 9780 8248 4220 8565 4817 6108 6470 6151 3101 6564 98 4408 6300 7502 8002 8696 1331 8518 6261 6745 8389 1714 3015 8312 554 7175 7092 2996 1446 3126 5164 5338 829 3722 2161 6604 1372 4771 7140 2778 5960 9526 332 2154 613 9855 3047 9412 7330 367 3761 6708 1339 2554 9929 5690 5701 4509 712 5357 7651 1557 7167 4569 5309 5744 7674 360 2825 5247 9187 682 3992 171679
99 8801 6615 8548 6548 5774 8816 8953 5282 8741 6670 4995 2294 6259 7437 1039 1813 1501 3955 1773 8307 6071 5842 2621 9856 276 9687 691 7937 6599 306 1610 6452 7272 8468 379 8632 1309 9390 3830 7574 3632 4173 6719 1133 8911 200 4298 9614 6436 4813 2616 9847 6635 478 1021 1849 6764 6743 5503 7279 5205 2572 9424 9243 9401 8373 2218 232 4554 9833 4591 3574 691 919 8846 6118 6053 6215 8708 2633 1029 4768 1625 7457 8389 8269 550 1141 6218 880 6908 2193 6664 8078 6052 5493 1270 8533 6660 21638
99 9405 4744 5020 7111 1012 5534 9678 7444 6435 8711 3353 573 9993 1348 4422 8203 6060 8015 5630 6069 7328 9500 4289 9198 300 2176 9700 3265 8920 4590 7388 4557 942 1547 6476 584 6746 6480 521 8974 2031 8790 6515 8019 3435 4354 2377 5342 5281 3086 3715 745 461 8481 4459 8142 6138 500 3526 8031 1526 9334 1880 3441 7584 3618 6046 785 6232 6091 4604 301 2121 3265 5363 8991 7099 1503 9145 9725 926 9628 5631 7312 870 9162 2736 5112 1625 9974 3301 1871 3093 4819 5520 8775 8080 6120 9397 694247
99 5830 7254 9329 7086 1355 3726 9696 2228 4338 7010 6654 7548 2488 3215 6201 379 628 7849 2158 2985 177 5554 9168 2743 9195 1183 4312 9188 573 5004 508 1800 6092 5559 5476 3546 5359 4998 4931 5347 3903 880 4865 5625 4302 8676 7440 97 4165 9782 3110 8254 6987 8505 2061 7144 8346 7523 7990 2420 3679 66 7388 6507 5711 9312 5334 6731 7876 2401 1572 7627 8614 2831 5882 8875 6305 4421 5343 9243 9563 7417 7524 5314 2573 9160 3324 6530 1294 906 1568 4880 1924 8013 9262 5092 4992 7859 7087 240557
99 9667 9322 7034 2177 8927 4418 1325 7464 9995 3385 9061 7106 5612 3082 5182 1847 5490 6711 3908 9466 1845 7442 3958 6919 6081 3003 3075 2654 2400 6214 4410 266 5707 6097 6767 8760 7423 1757 9031 7359 2532 1223 7423 3049 9598 5249 7189 1752 7167 9173 9747 9343 6277 1008 1865 2103 6641 3056 3966 4128 9818 3327 8587 1302 1512 7549 57 6537 7321 7582 6494 9296 2893 3737 5257 6126 4447 3894 8969 8337 8484 9600 1983 8791 7958 322 592 4949 5877 8088 5177 6035 5602 2480 4156 231 6804 957 7425 787174
99 2760 5831 8680 6249 6933 4877 4343 3244 9119 5217 8841 6693 4278 3268 7929 1466 5138 9290 5896 1149 103 183 1466 4116 6354 806 8566 7697 4640 7920 4015 3607 6716 8572 6270 15 7804 8197 6789 7994 6440 5783 8583 1604 5331 7625 7657 5094 1179 8162 2169 8348 589 6877 3796 8489 6355 2683 8513 2479 7607 8285 3223 5309 4313 5689 9423 1145 2335 1091 7018 6273 4570 5256 1449 8143 224 2086 4299 9223 2916 6418 1804 9274 2959 1178 7455 8205 7068 1932 5342 437 624 4742 8733 5036 9065 5848 707 57488
99 4993 2278 1136 8142 4316 5399 4922 853 150 5197 4998 3798 7524 2770 555 7166 8087 1101 4691 4608 2901 4238 3865 8622 413 3674 2758 7237 4835 3063 1106 9475 2500 7678 7717 8968 2551 6983 1030 7891 4356 1221 4883 1370 8752 7527 3934 1425 4839 4698 4835 3891 8551 1037 28 3494 5244 3561 9153 2567 2431 4040 4414 9578 4367 5264 8922 9174 7790 5645 6101 7246 5792 7661 4871 917 390 9251 8586 778 4116 4930 4555 4924 5721 4665 6798 6028 3469 88 340 11 6021 9102 2417 4664 2011 1116 9390 325039
99 4845 7332 5760 3590 5162 1671 3055 4318 4218 6019 3329 7536 7241 3826 7382 9840 3603 8507 2651 4309 3040 1655 1197 8377 644 1125 4448 3002 1440 9567 3855 5795 9504 7738 4132 9904 190 3113 9772 6937 1761 1316 5681 3537 6915 8112 9226 6650 7822 7884 2563 9692 6417 1255 8862 7016 9585 5585 2056 8055 5445 2895 1695 6251 100 6902 8070 7751 9388 9365 6859 5268 7256 5478 2576 5198 4154 4696 5769 8134 2417 1042 6035 3314 4786 7619 2544 1202 5702 3586 6087 4198 8836 8281 7159 6392 7746 5615 9586 498169
99 9242 4977 425 9692 2140 4285 4869 6833 9477 9636 9846 9341 5374 9708 7517 5807 4463 1137 8314 7480 2141 9550 1615 3600 6112 9067 8227 7563 8157 6307 1210 5856 2168 27 4953 1112 5360 8086 2713 4223 9470 552 2887 2165 4418 9648 2543 2246 9156 6744 1127 7550 8631 515 2554 7461 2650 8162 7891 9163 1283 1573 4964 5616 364 1413 6703 2950 916 1500 9828 8902 4616 4429 9077 8677 4486 9562 8680 9745 9530 7260 6138 2095 7871 1463 8959 8148 16 688 2687 5678 4364 8225 8058 3531 2084 3638 7075 697990
 