100 100
858 371 882 127 420 69 882 56 860 716 965 429 270 445 322 635 370 184 58 604 241 980 110 664 747 541 317 615 332 646 649 848 467 470 200 885 474 864 288 906 789 374 771 300 397 311 609 626 172 558 271 751 54 994 995 237 265 428 559 133 988 976 436 293 76 58 373 219 593 874 7 205 947 79 910 399 497 887 192 455 859 963 250 147 871 604 482 491 640 996 473 785 771 505 866 338 877 947 414 480
383 635 0 42 764 398 906 4 831 939 186 967 64 432 244 179 268 325 4 880 304 259 892 48 755 49 803 375 741 385 773 265 769 1 572 891 148 845 307 504 615 365 844 206 920 875 728 538 738 7 257 626 567 375 18 890 587 839 522 188 674 843 736 234 327 384 488 943 104 321 80 727 409 973 634 190 599 460 803 520 225 946 859 369 868 237 184 586 864 277 364 689 380 30 175 305 876 89 367 834
231 27 151 722 613 272 305 677 436 787 741 113 215 73 987 650 350 739 332 437 193 301 664 780 896 994 634 100 270 562 162 180 722 574 349 665 228 916 951 803 364 653 963 370 990 374 130 162 33 726 698 12 244 326 172 206 962 754 885 975 694 108 804 666 78 848 976 446 707 520 774 644 655 103 188 573 398 969 13 991 593 848 90 134 139 783 819 200 371 351 394 625 777 427 334 953 327 662 916 315
748 828 227 254 936 350 157 694 518 232 920 225 64 335 205 88 420 572 452 893 831 725 708 519 201 26 64 913 499 809 380 664 43 565 80 267 413 761 528 796 976 495 250 118 546 201 618 722 632 616 59 68 494 686 29 259 356 211 195 136 218 458 108 790 982 14 332 790 614 720 586 170 218 290 452 135 649 852 649 400 789 741 965 430 223 514 989 866 119 572 626 370 857 889 902 803 966 146 347 478
255 391 261 537 239 213 285 551 809 565 757 216 566 35 126 778 931 713 354 235 209 263 544 169 886 693 307 960 233 294 548 712 921 760 831 944 156 854 179 965 803 689 898 607 712 821 409 902 951 295 225 485 888 117 573 480 100 257 316 307 629 390 304 214 821 163 680 261 107 498 620 27 971 329 616 759 990 993 341 472 853 569 894 267 28 63 781 884 189 21 765 376 222 99 324 568 732 56 498 606
820 840 706 32 902 803 722 637 622 84 666 620 895 473 826 742 152 413 7 168 388 274 403 591 775 717 723 112 98 892 827 364 884 247 607 991 955 587 633 432 938 956 522 573 400 739 827 759 595 933 609 649 736 374 509 567 204 332 728 478 538 851 46 886 915 621 2 318 311 488 658 600 304 440 330 835 661 505 992 80 787 120 174 684 530 130 182 838 931 814 798 380 657 164 764 205 111 684 157 553
631 405 906 314 903 32 538 450 448 899 76 815 415 401 9 302 581 564 230 562 81 840 152 234 817 704 441 663 235 183 427 609 389 670 169 54 351 17 328 402 535 205 178 294 742 356 104 984 727 649 410 160 759 145 638 202 247 287 116 628 767 929 81 662 760 343 3 107 925 19 439 728 287 341 617 876 526 823 307 224 444 891 934 426 626 496 922 182 880 26 675 254 539 72 513 562 492 895 889 865
53 954 103 605 890 849 57 615 747 791 22 415 398 737 485 917 879 493 798 235 204 877 690 792 450 83 807 876 169 469 748 431 175 149 117 562 429 585 844 683 438 185 804 117 699 275 350 25 283 551 772 932 934 32 348 577 218 871 124 721 285 550 51 295 58 373 744 773 830 964 815 585 737 161 989 679 294 939 407 460 560 641 954 939 287 598 614 688 200 125 264 639 258 129 844 59 180 828 517 185
831 188 955 719 220 481 60 417 150 11 844 422 896 441 821 1000 405 205 324 855 879 431 722 404 221 711 275 746 845 188 399 675 375 559 438 821 206 639 110 432 605 839 432 657 146 873 759 10 688 386 895 726 635 595 545 33 217 829 64 715 915 714 990 512 107 866 144 827 917 999 654 224 786 527 516 199 134 968 615 915 504 50 200 74 807 433 461 943 449 949 149 779 324 372 412 200 733 789 715 470
873 965 928 800 62 507 260 930 81 502 652 339 276 533 280 375 128 539 265 861 589 331 968 450 746 204 779 45 801 52 596 669 723 503 924 175 253 740 222 800 898 418 133 360 9 941 375 922 358 677 939 501 116 277 777 792 5 327 791 393 127 290 586 265 600 139 65 843 935 543 115 122 851 37 620 675 285 275 427 395 288 610 234 137 946 650 816 921 141 931 934 197 484 59 726 112 673 456 769 266
59 84 877 370 461 718 484 923 540 691 350 598 495 169 507 102 949 637 373 741 894 462 713 288 300 4 468 579 467 854 328 915 740 230 252 19 407 483 787 494 256 724 378 317 223 687 737 715 667 375 68 706 844 713 802 484 563 347 646 920 211 808 867 52 657 329 74 250 341 397 515 315 703 769 886 674 950 575 725 987 707 301 350 664 356 189 460 407 349 357 591 403 294 363 505 591 702 636 263 504
97 668 323 142 327 462 667 902 74 989 351 378 846 744 215 503 799 138 245 1 10 760 180 524 97 845 0 314 102 210 240 288 669 752 38 119 307 21 463 67 55 767 518 166 298 690 518 631 250 796 3 516 530 925 719 343 482 43 447 328 927 464 737 81 788 3 882 780 100 778 164 395 603 846 322 479 460 199 738 742 798 810 524 951 612 26 860 324 828 900 124 554 992 329 335 480 448 423 80 470
502 595 655 663 306 500 303 872 944 520 488 485 321 982 789 821 939 776 20 271 318 971 583 855 469 10 486 203 712 417 738 745 941 102 29 448 953 116 672 261 817 923 22 482 247 942 738 400 399 603 169 550 629 497 776 127 272 948 922 202 537 400 854 878 520 192 367 826 32 429 859 22 270 324 488 502 415 359 543 643 12 524 323 791 490 321 528 459 519 544 359 774 438 583 682 426 375 948 565 294
699 730 658 339 565 854 932 113 281 282 556 354 671 181 863 16 789 0 814 440 640 177 641 7 992 371 708 836 454 221 130 252 873 322 527 443 326 443 296 668 104 432 526 837 206 108 453 660 96 486 442 445 695 651 96 244 422 246 560 321 933 642 18 438 147 873 35 484 677 906 557 307 62 105 121 219 34 764 198 598 806 61 851 381 583 480 200 937 268 267 568 794 676 203 347 256 850 154 765 496
997 13 832 180 748 416 874 103 883 413 640 174 311 556 800 952 146 924 589 830 271 745 463 755 389 37 804 62 610 765 748 405 235 234 571 425 50 216 937 541 196 14 475 137 495 799 452 290 238 12 932 856 724 455 111 540 454 701 881 8 683 549 740 590 1 565 554 573 501 755 1000 153 454 957 704 51 627 42 899 970 238 457 740 276 829 111 105 545 754 408 311 796 21 687 959 856 880 59 442 552
459 617 614 800 855 175 598 691 436 948 623 929 974 419 0 682 664 56 357 781 702 639 152 197 472 411 341 514 780 88 585 823 989 91 958 411 328 123 305 283 359 140 166 912 575 613 260 854 147 446 102 807 985 67 529 41 280 531 274 637 887 232 698 269 56 602 59 64 641 198 835 598 713 342 575 287 17 577 365 110 619 53 455 918 268 7 812 729 785 140 460 726 642 413 30 346 855 326 279 196
617 868 287 172 286 284 134 780 74 442 377 513 726 856 199 775 825 663 598 207 183 55 13 555 706 375 616 707 576 161 11 931 883 609 639 340 835 887 648 264 850 588 1 545 698 214 850 151 339 56 401 730 416 319 49 810 19 803 852 130 430 36 173 685 853 458 168 65 195 586 683 597 839 405 562 776 291 767 134 351 325 136 806 304 586 429 337 812 300 319 157 930 992 200 902 174 854 412 567 545
243 737 994 64 817 20 710 778 838 496 216 184 323 82 212 37 952 596 668 411 908 855 877 12 583 78 307 461 625 710 927 795 111 381 750 179 256 438 833 1000 339 806 696 47 885 571 295 531 741 590 985 533 753 628 736 844 17 216 657 870 404 987 45 521 498 835 154 491 927 249 937 557 864 424 431 541 684 627 256 595 812 674 667 55 158 473 579 457 290 768 327 10 981 337 911 749 82 65 108 53
642 555 651 415 586 289 499 432 721 63 642 963 974 453 458 375 911 4 78 720 247 744 542 495 837 921 712 994 49 266 64 663 998 573 835 131 669 269 381 202 83 570 741 917 629 226 178 914 267 974 258 353 840 302 666 992 291 623 887 543 884 612 437 488 924 738 474 883 571 705 96 903 821 312 626 431 526 202 405 930 669 553 463 516 975 330 321 943 324 532 31 521 556 433 129 791 544 370 702 586
720 90 236 304 329 257 792 363 701 4 466 211 405 292 689 344 788 917 393 907 265 683 788 655 152 424 688 653 238 60 870 776 612 167 43 738 241 631 559 97 360 787 855 42 290 739 430 0 57 569 623 928 785 925 447 68 134 577 955 794 300 826 698 27 656 709 70 756 574 399 632 240 428 196 291 461 364 380 960 529 425 807 927 955 190 597 360 180 936 301 32 541 438 626 212 756 294 188 651 951
8 592 503 830 724 486 99 712 155 690 983 738 823 703 248 182 965 555 2 603 438 113 169 50 693 43 238 874 197 744 508 57 741 88 541 386 949 676 627 40 41 646 486 753 495 421 569 366 607 715 77 450 261 598 671 374 301 215 55 888 381 944 849 447 213 957 77 82 854 676 689 956 711 378 506 361 374 498 546 549 403 918 795 518 830 617 78 547 43 482 244 30 357 22 436 212 672 550 872 665
659 280 401 341 85 573 311 397 501 465 308 174 880 868 119 556 324 35 450 747 433 523 985 114 977 818 558 482 589 398 281 675 383 718 391 799 228 621 358 24 888 318 643 882 738 791 59 548 371 767 495 169 746 218 77 195 53 798 182 558 612 80 480 635 75 977 978 879 230 313 207 269 887 943 887 458 854 286 127 952 280 708 72 737 13 891 521 215 454 584 863 217 67 39 309 139 206 632 657 506
914 565 569 521 0 911 350 286 826 311 394 942 631 484 761 313 243 371 560 491 300 144 835 905 57 941 968 411 507 81 50 841 235 159 889 619 885 789 376 821 511 964 406 378 345 973 176 652 539 454 751 822 461 729 771 780 208 713 610 718 346 603 113 650 340 220 724 195 409 565 861 941 819 310 385 390 347 888 974 17 815 308 207 833 457 94 52 589 467 385 578 352 386 30 910 729 234 213 889 976
848 763 164 175 783 730 840 306 918 374 147 301 350 587 841 145 456 164 538 525 145 435 300 246 187 42 871 52 258 645 196 365 338 436 186 419 207 133 672 662 325 114 778 429 699 743 262 886 722 353 298 702 956 95 896 140 545 205 939 444 968 706 309 215 944 994 371 55 427 75 864 399 41 71 909 203 977 961 52 842 412 705 183 78 1000 112 614 932 907 247 557 908 570 710 360 242 675 615 636 430
46 605 39 833 871 116 585 392 350 960 459 894 980 733 952 365 399 737 354 244 247 717 27 389 841 343 229 489 880 644 234 876 313 768 609 725 233 847 24 80 750 830 867 650 586 559 299 308 606 24 171 764 928 622 706 428 909 125 734 200 904 89 785 225 775 83 400 382 55 424 683 760 100 276 981 625 854 334 860 350 732 547 334 611 625 79 89 95 379 951 545 369 276 378 58 225 827 516 24 141
409 304 647 466 299 873 706 346 63 790 555 899 626 305 199 382 725 940 13 428 150 362 800 994 772 800 103 249 667 572 585 505 785 383 755 901 185 970 298 904 933 756 679 347 902 53 194 895 693 979 155 167 199 595 906 75 162 345 824 378 625 669 492 279 700 248 252 111 397 80 586 536 371 822 495 855 404 171 161 405 908 651 200 583 291 523 783 724 766 822 92 634 804 621 628 749 665 236 520 716
323 826 290 473 973 878 337 664 629 433 225 930 872 959 418 299 176 898 95 87 363 324 676 269 193 873 551 83 78 205 403 749 606 297 834 519 111 432 910 551 262 661 615 514 867 676 105 472 897 105 762 291 858 370 819 74 615 594 639 237 160 592 892 678 206 125 689 678 129 465 705 961 62 904 451 876 773 345 270 146 943 7 745 521 750 483 163 775 757 158 908 17 92 333 433 343 275 960 366 795
557 871 626 448 29 775 1 802 470 183 771 304 591 654 680 894 824 967 441 481 523 798 930 703 685 658 291 455 474 819 965 418 539 179 40 866 983 722 948 528 333 922 651 864 969 551 930 140 942 365 96 536 443 685 626 386 962 937 50 11 660 315 635 286 920 169 792 546 187 367 244 83 170 154 249 426 39 53 776 177 222 45 602 936 877 524 118 246 981 242 648 965 258 432 863 430 939 99 504 171
395 798 211 552 991 861 992 762 775 513 663 98 92 738 559 771 584 194 739 71 696 934 317 45 448 96 823 790 552 870 987 12 100 209 791 158 786 216 602 650 279 409 888 349 483 999 866 402 304 255 646 972 228 839 45 909 795 780 208 711 780 362 932 539 963 987 390 715 354 938 964 687 306 867 721 34 515 182 538 497 730 145 291 6 943 360 271 439 416 350 868 496 509 869 808 98 835 960 752 205
834 464 614 923 415 43 45 169 111 530 496 246 701 79 487 3 100 946 391 679 191 642 971 574 320 291 331 369 200 340 640 882 368 74 575 138 840 397 596 514 472 94 238 327 482 639 337 768 362 439 889 306 731 653 130 286 317 917 752 617 721 73 162 200 153 206 124 735 544 670 855 835 934 777 892 548 47 605 442 177 885 901 524 663 333 632 534 983 817 645 194 898 546 697 679 413 850 248 454 571
975 177 479 500 865 674 651 706 665 392 215 190 454 413 720 16 450 941 401 649 210 934 337 771 80 930 353 844 90 394 655 942 612 166 696 202 0 443 301 924 102 517 1000 208 693 595 668 375 909 411 538 75 56 373 695 464 610 389 56 454 717 191 793 973 0 71 57 564 586 908 994 240 689 273 387 431 714 75 769 689 358 793 892 645 740 730 761 266 703 271 291 448 271 381 342 855 498 834 884 67
206 604 624 468 442 730 859 19 329 768 692 920 988 87 65 36 112 859 537 667 187 684 559 961 984 982 781 943 350 906 653 57 879 955 918 922 432 355 869 195 610 347 351 177 241 271 845 81 104 855 242 123 284 183 36 469 869 574 825 692 399 538 17 986 273 770 214 180 694 403 254 966 66 882 471 271 203 210 568 702 787 755 687 327 807 651 178 672 77 372 90 873 198 751 932 316 921 974 719 93
207 230 844 185 968 451 302 176 574 46 687 230 598 26 532 21 747 615 380 784 369 734 920 896 619 978 372 400 761 993 453 757 419 937 941 245 737 401 312 519 797 11 343 656 979 378 376 495 344 54 192 527 752 605 701 424 995 467 823 602 745 44 984 586 245 287 698 483 30 940 199 140 83 87 99 6 471 965 646 357 587 269 833 692 848 88 904 190 320 672 19 174 424 781 231 716 427 838 438 591
111 297 84 60 258 861 859 375 757 539 685 569 521 149 223 865 550 42 991 622 51 916 309 152 260 839 362 217 614 247 102 300 757 247 961 449 69 319 12 534 234 213 357 339 593 907 662 487 652 786 656 600 333 455 751 693 232 972 149 250 890 176 97 212 391 248 868 67 223 433 699 23 402 257 692 835 45 342 779 610 188 300 22 103 706 501 569 970 948 626 198 17 920 917 819 752 971 728 848 102
581 160 221 622 291 511 951 441 805 527 651 233 904 857 160 976 745 551 363 107 573 182 614 366 877 991 573 647 189 56 173 9 789 307 178 279 951 430 904 50 794 139 919 15 796 725 798 753 590 153 68 330 273 171 82 952 520 794 9 758 260 48 47 900 883 570 527 965 150 455 387 28 68 997 196 111 883 891 119 378 315 670 729 41 258 462 568 815 104 582 42 617 31 243 195 722 276 222 370 830
935 470 805 832 966 731 495 70 351 204 763 486 182 713 22 425 612 971 943 990 629 434 814 739 526 769 379 504 794 197 434 602 147 961 693 278 630 76 695 107 69 393 369 306 152 168 614 607 668 36 292 295 220 321 761 890 264 312 116 776 542 287 574 736 225 509 646 148 793 637 742 255 176 966 73 581 545 72 716 331 574 532 581 295 61 766 961 289 409 886 793 768 376 890 598 275 197 600 35 581
443 723 182 520 442 688 503 478 904 993 842 579 367 350 433 777 250 236 963 676 152 185 891 698 962 934 495 768 686 46 14 38 236 591 665 319 980 235 786 455 552 404 494 635 251 772 408 66 415 504 43 715 71 259 537 129 668 688 603 281 974 71 416 448 78 515 14 729 599 425 590 113 419 750 405 396 163 592 574 95 664 354 116 783 422 698 91 120 135 423 555 550 271 761 464 780 470 957 788 354
885 331 270 390 326 457 175 352 228 598 573 97 741 411 981 866 15 690 128 231 979 490 557 54 887 700 374 995 335 36 206 310 912 335 258 730 19 361 16 279 424 720 44 955 425 232 909 788 966 425 84 223 786 266 607 881 665 693 382 994 730 9 388 423 555 404 727 533 559 320 644 225 904 381 238 248 326 318 515 210 86 52 742 540 703 818 796 243 805 197 286 311 610 907 583 647 790 578 881 651
939 666 761 595 985 143 852 293 590 974 871 586 921 90 168 106 862 815 21 886 915 452 563 668 94 790 704 689 835 619 587 776 306 181 346 418 276 696 490 159 616 541 827 125 214 286 21 292 777 782 938 763 418 250 227 484 833 12 412 62 756 653 880 263 512 987 185 64 378 758 56 992 376 990 824 786 151 553 842 874 658 288 940 504 464 242 820 483 38 327 711 220 883 190 179 531 398 560 421 898
951 947 69 94 297 987 814 820 735 828 562 789 474 239 979 952 812 741 730 194 346 621 20 725 179 519 383 757 767 513 339 517 590 238 73 608 673 955 830 869 165 986 90 745 837 514 200 926 391 676 195 920 369 645 552 495 417 25 293 910 630 360 37 803 547 26 891 354 61 623 612 165 739 848 250 45 878 983 30 919 51 255 186 748 709 837 622 357 427 991 152 767 333 470 157 611 917 194 170 408
934 624 285 64 780 568 845 251 733 989 857 840 575 797 501 762 287 325 46 81 229 925 505 770 423 996 154 9 29 857 586 227 529 658 3 238 297 44 1000 827 676 115 99 913 77 141 353 496 490 911 870 307 882 35 504 48 415 224 23 865 226 836 679 240 426 97 457 68 499 596 710 809 808 130 427 166 561 995 982 25 94 124 982 388 283 133 803 291 883 211 828 792 436 228 38 272 210 359 969 291
748 569 321 0 267 822 515 622 609 775 546 397 197 500 662 623 172 747 229 813 346 801 716 232 745 573 823 50 955 58 485 862 625 18 137 596 319 64 293 843 768 815 511 242 262 670 921 622 7 260 258 847 869 931 414 1 676 968 174 856 257 455 502 390 446 185 391 327 77 178 795 46 385 44 308 646 28 732 907 977 334 352 81 65 857 2 392 560 89 708 253 414 406 389 851 644 742 899 82 753
621 669 462 377 516 512 284 494 902 429 986 625 971 173 336 390 329 608 664 819 92 883 244 95 503 630 204 743 772 891 955 529 371 543 825 358 784 82 33 420 339 884 407 262 750 543 875 169 153 161 414 978 887 316 524 794 325 578 971 327 984 156 973 821 568 154 412 887 324 733 477 853 859 554 272 622 231 92 129 639 194 887 880 34 414 889 192 601 767 237 766 441 673 327 401 382 221 318 525 302
888 112 417 42 661 726 167 256 961 512 444 383 843 487 737 806 367 635 834 614 788 967 576 57 822 319 832 157 180 663 521 37 669 550 127 568 653 696 228 15 962 371 382 590 430 161 444 692 876 237 14 220 167 694 717 650 355 594 738 794 679 921 817 709 207 621 338 607 74 565 827 916 429 101 141 263 114 767 706 406 700 743 117 305 851 885 205 314 744 480 675 747 360 312 409 81 386 858 984 285
997 790 742 123 593 716 810 899 734 333 511 542 393 696 429 295 398 283 821 551 329 178 786 217 797 800 865 54 603 568 144 645 871 449 192 814 568 997 265 40 502 795 435 935 916 98 637 840 343 433 816 527 980 208 935 765 488 265 696 786 491 867 89 694 504 477 665 519 351 500 902 857 673 763 684 627 984 162 605 945 272 467 188 383 414 157 380 814 890 106 962 231 951 959 828 522 79 677 591 667
278 259 470 107 603 374 237 657 82 214 913 169 401 323 188 16 238 110 936 935 66 377 947 545 593 726 408 906 514 355 679 535 626 830 295 236 536 943 655 414 548 75 465 474 459 225 309 604 631 285 195 474 80 248 302 783 43 271 705 26 428 88 939 606 134 444 897 693 237 137 920 614 218 514 165 201 409 811 311 143 830 517 787 167 157 730 652 471 556 30 771 325 879 415 664 446 905 18 522 119
74 676 700 602 154 951 572 364 420 758 699 639 198 492 699 132 726 474 648 586 418 190 129 297 809 624 716 487 840 287 574 815 152 461 198 337 94 229 19 484 452 909 326 29 552 194 773 907 868 364 884 666 527 122 971 113 323 961 482 137 293 251 608 960 133 453 637 888 503 104 796 354 448 51 914 651 817 51 57 254 946 204 562 655 273 810 328 808 920 637 725 385 807 665 630 731 572 757 867 46
141 179 858 415 723 682 309 425 573 397 473 328 727 877 905 225 679 651 284 386 587 428 200 368 384 732 877 164 233 792 75 440 180 594 205 373 814 145 507 816 860 101 310 297 697 988 186 346 654 645 826 885 223 525 56 830 57 468 419 752 847 888 278 22 748 304 216 368 717 236 555 279 301 554 565 498 253 460 933 25 859 144 939 630 43 168 916 157 454 606 189 770 911 320 301 809 958 693 875 829
44 224 877 980 206 914 411 608 365 644 209 537 209 842 558 285 138 962 593 520 43 276 569 61 171 164 412 625 819 421 399 886 539 327 255 20 245 723 282 823 586 104 60 337 52 832 284 732 577 107 417 844 848 976 928 376 318 736 987 809 723 116 877 733 577 670 425 847 134 635 389 180 534 994 645 250 318 570 213 82 667 833 346 820 681 974 460 311 250 510 353 1 666 657 799 426 435 406 152 451
203 124 871 880 1000 646 994 697 175 990 16 852 259 722 684 206 516 84 455 930 537 530 605 699 617 567 303 324 882 163 896 377 133 67 213 330 524 246 939 8 716 67 848 658 621 569 805 518 9 189 552 136 111 472 72 992 288 269 186 970 273 437 239 686 198 935 739 55 160 42 517 206 334 757 738 564 34 219 856 170 838 782 279 725 990 683 21 684 152 996 204 708 302 450 627 722 269 778 456 956
395 863 520 113 576 852 588 414 672 57 989 306 665 433 900 262 532 458 64 151 522 186 941 169 540 134 320 677 587 591 358 485 12 320 928 400 830 900 636 696 415 272 909 475 521 210 59 566 661 541 181 88 34 444 587 138 20 25 791 807 343 780 703 22 431 257 729 486 736 954 150 591 960 472 858 206 984 535 452 948 380 645 632 79 908 377 32 980 797 584 611 689 817 305 432 190 764 176 352 383
732 477 670 553 848 519 218 303 379 548 888 889 39 550 986 395 210 266 103 661 818 202 798 629 250 98 117 339 915 593 625 942 76 388 184 580 639 482 712 627 286 615 334 251 326 291 193 896 696 773 497 609 881 628 142 452 140 261 180 166 386 619 71 424 457 719 457 331 830 223 491 100 613 284 249 37 431 365 955 151 780 330 971 880 343 719 297 492 292 603 88 38 864 372 79 149 290 966 517 199
328 367 609 792 924 971 412 531 590 108 312 719 644 837 12 281 391 631 82 613 138 50 415 567 895 339 569 915 374 137 696 659 215 309 87 284 560 431 544 613 389 179 444 292 518 399 511 678 750 655 908 426 765 302 249 636 239 702 768 112 579 606 533 394 760 690 957 925 464 908 116 425 597 575 430 584 958 808 688 159 606 509 373 799 309 279 188 26 105 879 179 484 861 541 81 942 205 689 970 587
395 567 950 875 715 605 179 775 449 73 7 568 865 541 26 56 960 127 281 462 896 490 282 340 427 719 399 926 12 543 4 775 586 15 641 264 775 910 904 79 806 27 718 927 805 959 727 204 391 345 544 779 307 509 92 537 436 63 454 746 119 403 696 95 491 995 266 865 371 259 999 976 306 378 365 483 940 523 880 748 390 477 696 99 786 68 459 230 530 248 420 857 886 260 569 333 880 872 569 736
424 480 488 208 893 745 716 86 653 258 768 749 672 314 940 664 211 618 666 523 390 578 492 439 995 574 364 103 756 561 402 222 199 899 844 142 593 921 19 61 704 298 290 312 792 319 693 111 106 509 611 258 792 903 858 905 962 287 952 251 88 199 711 175 305 236 170 852 813 794 664 81 949 483 205 708 781 992 664 705 393 414 671 738 518 346 646 662 950 915 193 508 955 156 929 253 184 284 75 29
33 372 613 149 68 873 302 135 720 968 442 800 599 560 257 282 734 412 276 396 241 904 134 211 595 409 744 486 693 358 403 243 78 353 255 315 288 96 977 919 240 87 176 47 173 856 323 937 666 7 560 881 401 293 448 386 436 313 603 458 927 564 671 236 572 320 744 878 300 202 454 850 441 349 582 277 945 877 687 812 902 123 729 485 957 779 47 524 471 509 186 126 734 853 863 361 214 519 63 242
728 941 78 739 112 33 717 178 520 906 163 881 300 113 354 353 393 760 185 163 408 631 169 806 155 726 802 720 220 398 887 193 577 324 512 892 687 823 462 383 680 353 731 704 654 116 214 212 182 830 273 173 850 356 875 772 583 957 338 923 589 871 786 353 423 395 146 766 111 537 649 394 33 235 434 936 218 524 664 400 57 217 326 6 462 882 437 668 437 748 787 926 245 681 542 595 775 261 188 661
288 485 83 80 567 888 720 282 914 664 552 944 870 981 126 102 895 124 328 291 492 419 280 177 359 75 711 191 620 274 565 578 909 883 11 867 856 264 569 11 598 4 435 53 72 9 636 265 208 203 78 404 30 89 57 711 721 279 380 519 56 61 448 331 923 368 626 718 624 631 594 860 508 32 773 503 619 167 128 643 49 716 830 631 96 122 749 820 906 992 809 658 756 212 583 229 787 337 323 431
45 161 802 845 377 712 598 559 274 611 876 397 886 56 544 218 366 232 886 397 481 653 542 236 404 620 698 232 972 455 549 649 169 284 773 176 9 722 845 214 794 639 314 417 62 770 261 185 183 759 737 623 938 596 115 561 912 336 646 837 548 222 980 564 924 351 425 708 318 562 699 242 821 888 701 570 223 259 565 585 124 155 744 79 661 386 461 908 560 243 817 728 408 957 960 934 190 421 154 988
970 906 664 278 117 863 228 6 216 716 288 368 992 895 131 8 1000 832 772 765 111 220 535 559 542 904 403 777 901 866 778 786 391 877 478 547 493 583 118 201 786 752 810 805 966 325 291 429 725 260 638 458 141 944 816 799 884 860 624 503 243 99 700 625 970 526 371 937 625 353 84 141 179 664 262 45 381 757 609 368 10 305 953 7 420 916 891 907 856 806 592 947 860 448 556 652 580 712 387 350
320 922 764 967 792 373 25 453 686 779 366 111 638 783 568 988 205 362 699 579 382 1 414 227 8 949 815 848 641 211 934 982 774 942 801 537 459 442 258 749 454 5 496 808 12 110 734 221 895 824 622 794 215 820 3 919 787 676 106 624 967 23 899 660 396 659 739 589 22 320 710 721 933 978 477 188 992 220 531 478 130 928 159 870 535 373 786 894 437 623 345 425 827 576 748 316 852 485 398 858
227 463 212 711 527 937 91 250 295 9 680 10 542 836 20 561 883 706 803 71 672 507 967 636 841 729 340 787 760 78 999 205 761 699 229 865 608 1 684 56 845 649 99 473 585 147 561 89 577 153 348 260 537 256 67 475 280 47 204 552 733 809 561 422 985 438 422 765 612 130 719 161 964 759 641 181 948 717 776 46 333 414 457 708 321 927 398 527 594 599 258 412 370 339 423 765 737 546 232 854
482 854 230 750 698 126 561 31 672 239 228 111 632 972 493 500 536 719 36 552 424 606 938 925 926 269 783 852 173 769 703 926 870 293 176 100 596 689 686 370 872 443 920 679 275 42 800 311 87 666 473 190 346 306 659 90 696 283 398 73 740 509 361 335 89 162 87 352 0 452 199 923 924 501 390 510 416 243 986 438 978 807 848 734 174 233 896 242 776 258 145 395 752 824 1 197 89 164 259 220
854 236 407 465 199 607 291 732 988 272 788 75 906 802 253 42 221 226 835 390 1 577 654 961 533 350 234 955 762 806 910 478 89 951 689 673 753 69 651 657 983 853 748 375 576 525 28 301 747 648 477 398 660 98 975 919 929 514 327 593 749 444 205 584 245 29 311 448 14 359 482 125 267 155 533 330 220 564 498 618 878 965 719 521 544 455 924 758 920 980 926 119 829 64 559 303 848 664 885 494
517 886 832 42 431 894 308 4 897 5 112 456 952 734 278 19 542 475 698 842 918 443 49 953 868 441 486 29 692 405 55 404 308 275 181 208 439 23 830 893 313 734 10 152 412 55 188 507 952 36 781 240 932 227 741 416 41 563 116 998 185 569 401 272 472 313 222 503 663 814 752 453 734 39 450 725 600 201 932 994 256 712 811 900 644 116 988 659 792 684 266 826 921 622 922 747 52 660 726 125
545 535 183 945 417 477 50 991 304 451 733 915 938 313 53 971 510 329 979 394 264 623 160 418 763 376 682 234 129 576 731 957 403 660 213 120 442 668 283 436 214 837 206 737 200 64 980 547 861 945 127 765 412 636 192 28 167 949 918 85 945 211 756 656 912 570 616 204 590 390 325 543 137 994 115 592 232 676 319 540 541 554 922 744 507 313 694 7 213 806 97 954 914 48 552 254 763 679 256 476
251 168 728 586 490 69 177 916 152 849 809 946 995 797 276 409 388 317 434 407 890 486 388 408 529 344 160 376 752 165 774 127 178 949 446 102 331 964 861 490 606 15 660 687 474 149 954 261 234 366 456 852 951 561 577 974 928 952 628 799 444 392 189 253 969 822 414 469 91 868 947 865 475 65 987 554 693 844 193 84 987 420 255 837 836 940 962 912 573 262 61 769 256 565 311 435 131 75 91 92
319 608 523 897 424 952 303 582 175 379 429 873 285 668 579 41 740 939 2 773 445 317 181 671 853 976 898 540 285 695 229 396 389 549 787 168 717 201 257 419 180 86 376 514 163 682 713 92 715 865 764 441 528 583 10 507 271 849 913 191 956 16 828 568 224 618 655 841 602 392 439 991 544 48 593 959 24 185 965 419 906 47 952 166 576 368 94 142 68 8 89 993 51 837 355 360 757 882 769 651
409 331 972 201 213 775 462 336 41 27 220 228 805 821 358 962 18 363 783 158 848 803 743 583 363 568 520 582 595 657 923 333 929 448 843 494 805 468 740 918 940 299 873 656 121 816 508 605 503 335 349 602 431 450 249 203 3 162 761 653 517 796 376 943 795 785 202 323 304 200 768 24 903 818 852 595 656 816 237 956 476 832 82 492 558 1000 545 71 598 555 746 236 646 196 283 154 621 727 831 441
172 853 947 632 732 317 99 751 872 484 594 892 659 355 12 914 597 993 70 476 744 777 597 606 798 88 194 604 732 825 868 237 183 873 579 692 58 402 121 553 455 190 126 485 311 306 525 707 207 901 932 601 466 762 117 858 847 157 815 409 933 540 453 606 209 912 37 531 860 507 896 2 937 398 986 632 189 500 790 372 442 883 756 422 428 543 610 218 347 254 558 591 799 258 75 643 358 974 896 137
195 822 168 752 984 318 698 457 456 284 316 133 482 916 397 965 992 808 385 337 172 650 559 973 402 218 157 891 171 683 720 907 342 946 798 49 367 951 991 796 808 388 775 822 130 709 235 220 869 846 160 18 485 173 798 518 849 159 102 626 440 892 32 648 640 715 174 680 989 473 837 966 176 767 254 303 938 621 106 833 858 191 405 52 726 900 987 713 18 513 357 9 874 268 707 537 398 240 859 4
513 655 455 107 508 248 574 880 773 191 527 828 28 776 400 433 163 722 506 192 985 543 93 579 156 230 172 989 568 956 192 933 427 352 247 569 80 707 310 0 955 844 235 30 661 169 783 827 470 539 241 574 620 791 350 994 914 917 22 811 170 552 619 958 25 277 587 472 937 198 267 414 594 30 92 584 105 276 896 493 387 573 701 28 416 478 116 355 315 818 437 426 421 721 101 158 593 551 800 22
610 479 542 559 116 31 615 31 260 714 536 6 945 300 975 640 587 897 880 478 516 148 728 436 516 924 808 643 581 899 286 759 32 235 454 70 678 716 39 574 178 413 585 501 268 960 177 358 516 613 17 866 491 485 354 119 135 661 897 478 985 96 607 717 57 254 3 379 698 883 533 935 50 613 656 572 905 537 910 130 189 811 61 434 850 451 545 101 125 73 465 164 877 513 882 525 470 208 55 59
356 358 940 216 284 906 3 61 978 87 509 620 829 129 326 699 765 60 770 55 156 666 871 38 974 769 354 942 528 168 501 310 894 476 601 712 228 141 1 756 336 77 832 103 958 123 30 469 23 485 196 787 300 123 489 992 749 241 68 880 841 36 755 916 495 199 262 574 693 84 17 427 813 288 940 581 668 735 333 489 875 786 476 282 900 414 923 207 280 313 151 791 321 229 556 156 839 448 645 505
974 759 175 614 968 583 140 815 562 391 617 404 626 620 799 443 843 136 675 48 10 156 974 368 397 528 478 516 274 224 343 926 972 263 820 920 67 36 854 449 657 909 147 312 107 293 514 864 780 523 409 968 337 706 638 28 522 98 114 825 612 344 866 96 664 937 412 801 344 487 229 196 579 910 382 868 430 377 429 837 924 168 581 795 797 892 621 749 479 63 153 224 6 105 594 542 655 707 966 432
321 573 506 413 721 604 173 423 371 560 718 476 960 564 919 202 616 964 676 704 615 697 652 921 651 877 434 986 114 942 605 56 111 342 509 987 144 464 314 343 988 347 674 451 193 962 490 709 868 68 365 959 246 643 114 827 219 377 77 32 841 544 449 385 398 621 958 362 544 956 462 46 238 132 625 448 539 440 761 1 597 21 377 859 987 214 256 126 572 437 878 772 874 271 208 754 245 845 389 440
398 634 228 153 587 625 970 492 258 219 879 733 104 304 234 812 640 335 6 907 102 988 107 414 162 648 585 75 808 998 727 892 22 274 960 499 409 144 29 823 83 557 862 864 182 800 187 55 936 557 751 395 457 886 517 387 929 899 704 471 872 262 767 610 218 465 924 421 140 745 374 251 110 527 388 775 283 933 652 665 825 175 41 100 507 695 746 858 634 396 931 473 2 867 873 173 263 230 328 978
367 764 53 619 269 428 964 16 813 750 826 556 16 827 233 654 906 982 943 564 155 102 441 217 887 66 403 829 131 714 674 524 64 334 378 883 216 21 526 66 174 406 774 414 58 775 440 385 691 328 793 909 295 250 629 660 447 49 666 574 188 608 488 141 994 82 303 984 711 470 981 770 801 769 530 309 972 921 187 224 610 181 745 670 322 389 645 400 769 896 396 293 588 645 606 968 796 585 589 449
98 779 168 818 86 863 768 931 671 121 72 256 565 407 267 837 223 128 253 230 178 748 35 225 615 35 762 672 307 312 92 366 762 361 354 519 848 450 697 357 154 924 420 443 111 611 71 265 239 98 789 511 899 892 22 936 19 604 656 616 275 686 623 398 505 461 727 974 750 448 909 22 285 822 95 122 625 110 256 177 756 536 120 407 218 325 485 543 271 22 86 377 516 689 203 976 235 636 799 900
295 871 598 308 107 635 788 607 537 900 471 923 25 825 701 670 885 300 163 651 896 865 955 5 827 570 384 985 489 426 852 769 171 91 833 631 369 74 815 146 558 193 317 54 951 445 931 159 201 896 429 244 14 375 139 142 61 759 803 276 426 445 748 591 360 26 723 907 235 663 95 786 903 673 368 728 705 646 860 818 342 668 28 337 796 724 4 996 473 178 112 755 769 73 675 347 425 222 530 433
437 470 136 100 371 553 933 482 64 759 596 348 55 722 774 396 423 694 31 795 97 770 559 947 340 929 775 800 755 776 140 321 717 125 539 620 472 181 907 214 503 472 110 452 493 845 667 594 682 703 45 974 841 786 170 814 86 497 674 525 359 519 125 611 936 380 398 759 302 875 984 110 419 980 484 708 418 466 449 397 456 916 103 893 469 591 445 127 667 773 794 695 2 806 64 634 998 127 864 530
837 660 5 750 288 911 350 608 641 909 938 524 267 437 925 487 703 655 342 34 67 706 532 55 212 511 674 80 844 362 914 105 904 951 149 885 735 689 841 331 182 298 513 32 96 588 135 63 594 808 623 31 336 200 427 762 71 241 355 164 626 142 962 159 21 138 375 286 750 671 900 983 68 308 537 836 34 646 77 652 326 65 113 671 961 312 197 169 503 261 347 473 800 175 690 953 368 477 654 970
820 236 561 237 308 501 429 189 367 527 263 110 909 31 466 361 195 992 11 239 337 763 240 921 494 556 25 0 713 452 848 883 989 994 271 93 431 783 719 84 169 694 536 403 749 111 1000 365 515 711 930 688 880 285 528 395 163 533 334 925 861 271 33 634 672 459 725 414 275 309 508 364 263 455 49 175 972 56 641 979 22 342 204 562 150 592 43 365 16 833 192 269 296 284 800 537 375 518 786 959
296 427 613 75 518 562 715 8 15 277 119 845 103 269 867 240 775 387 402 64 362 151 608 208 768 324 632 400 456 378 334 106 808 106 291 538 668 941 621 375 153 352 722 430 508 211 22 602 762 973 475 580 125 736 505 613 844 433 564 172 915 995 242 934 348 451 639 753 655 116 764 196 468 83 464 227 143 545 280 190 146 41 958 164 859 216 696 171 6 910 315 575 630 504 149 911 307 87 611 74
422 179 420 1000 245 266 378 544 386 923 203 91 307 377 422 501 329 179 604 264 951 926 976 859 193 786 638 45 58 572 347 560 155 335 230 389 331 759 27 500 116 74 349 548 319 760 564 241 735 144 981 675 742 417 409 204 901 513 810 828 185 613 888 544 302 347 499 466 42 156 332 475 646 685 844 611 965 959 942 610 766 151 119 74 244 437 323 879 82 315 762 786 856 803 514 510 311 469 313 66
895 98 28 803 807 372 925 962 47 108 634 417 833 484 959 753 582 550 41 865 66 914 348 408 697 460 886 381 149 955 287 782 516 47 253 913 934 653 945 984 824 83 317 941 999 546 377 173 171 134 867 693 474 925 686 892 425 899 922 640 111 200 634 133 354 15 458 408 387 334 348 27 274 862 91 35 980 338 988 794 870 134 676 66 249 863 983 572 524 274 743 50 198 922 283 467 665 656 567 352
97 936 834 397 674 39 190 328 771 142 792 928 932 508 989 621 643 224 960 762 306 112 864 572 119 571 728 604 856 99 174 960 226 577 217 377 679 85 288 517 740 180 570 363 976 907 754 97 916 963 361 47 657 16 35 543 781 447 600 668 233 739 721 905 673 223 177 601 414 337 381 373 951 435 812 667 159 497 619 329 750 595 44 593 206 743 858 512 126 776 918 937 451 110 837 455 329 567 994 306
317 52 245 551 288 572 227 648 569 694 303 2 357 421 599 195 340 399 642 810 450 475 334 422 981 868 2 907 434 867 690 492 173 74 187 913 696 979 604 583 353 958 813 840 102 583 982 893 305 874 161 115 582 43 287 545 587 956 62 96 773 519 578 362 558 281 13 703 676 869 333 903 427 486 936 224 483 921 174 342 807 606 518 83 690 485 379 90 809 733 775 368 495 281 137 645 825 52 620 938
839 378 871 650 83 984 575 791 387 44 731 832 968 246 910 1000 962 524 410 135 597 454 838 449 407 591 768 242 474 817 308 830 7 599 638 538 880 124 327 187 467 155 934 842 169 623 685 814 859 376 465 8 209 749 900 394 963 832 633 106 819 758 408 956 282 970 954 559 133 144 881 636 658 917 18 76 920 339 988 720 380 896 963 200 361 248 43 659 102 919 316 151 136 251 382 308 956 869 106 113
308 50 340 214 108 792 284 768 393 995 761 55 912 121 49 938 991 510 384 793 822 617 391 243 708 816 623 24 348 458 447 534 628 365 165 453 851 256 914 961 609 109 640 517 322 41 738 935 987 622 318 801 391 622 209 760 581 333 443 526 307 672 79 827 31 610 862 832 230 800 832 76 956 293 529 750 786 517 310 118 613 509 195 414 259 147 826 614 393 652 981 9 401 64 113 496 982 512 910 513
447 406 549 626 612 662 991 973 632 375 154 207 961 510 165 816 686 291 823 227 193 980 429 87 412 948 837 892 152 930 756 496 827 215 2 30 910 634 75 735 452 636 250 755 24 443 992 513 329 814 297 897 429 655 139 286 963 869 891 725 188 495 423 940 618 424 996 975 525 376 733 775 856 602 945 325 124 468 658 711 77 459 801 871 761 497 267 75 368 276 914 255 209 693 793 289 445 384 761 893
151 848 441 492 86 871 754 918 391 226 713 477 950 330 911 608 971 59 806 769 328 558 30 489 372 705 589 48 118 237 449 341 914 427 810 739 308 341 367 917 536 910 16 99 710 237 374 409 7 224 810 103 143 163 201 365 184 787 204 872 104 118 671 674 116 599 916 694 502 778 315 724 229 997 920 895 724 669 725 256 132 336 155 397 76 480 954 555 400 27 113 615 964 232 494 601 355 209 397 582
957 734 360 785 355 155 172 964 401 629 479 569 46 554 42 771 206 33 189 691 233 2 23 387 787 176 53 341 410 983 29 933 662 562 610 597 49 159 27 261 663 853 765 955 159 410 149 838 995 233 344 40 296 107 607 719 414 593 998 540 172 527 180 881 384 361 634 482 832 107 638 894 417 121 721 537 579 492 676 706 215 828 755 748 63 701 988 101 383 956 801 5 169 251 365 935 810 352 525 936
616 452 278 911 783 441 298 227 638 269 844 649 58 465 222 488 147 806 366 158 985 431 855 475 858 439 247 207 956 612 525 288 904 721 676 431 59 232 383 728 71 921 206 929 232 705 939 890 399 607 694 697 707 51 953 274 378 695 721 317 824 2 741 555 332 507 672 383 653 236 705 125 134 780 76 640 907 304 503 470 775 761 117 956 971 319 37 497 509 284 919 899 654 445 935 787 702 555 724 277
599 933 323 388 438 131 611 77 422 831 619 25 488 563 732 773 273 617 148 367 510 809 205 271 799 538 582 698 864 439 72 806 227 410 256 433 28 929 556 778 310 39 650 756 866 252 305 564 884 628 967 180 332 256 733 536 137 674 118 215 882 490 755 404 570 750 763 924 77 448 584 946 699 28 236 772 247 779 178 335 646 413 411 366 790 172 220 78 497 837 693 353 455 61 59 257 147 37 932 644
688 354 812 785 33 477 294 485 130 27 21 608 952 722 988 577 952 970 673 636 989 868 393 973 358 775 356 33 186 544 378 762 368 72 840 604 11 581 481 538 831 99 182 227 579 808 572 827 947 281 786 702 589 964 999 614 237 68 916 673 835 632 557 337 321 643 69 34 243 361 734 697 226 3 798 65 939 550 18 656 373 911 303 972 94 198 975 672 966 654 859 984 573 458 730 612 570 512 587 49
883 618 248 803 94 996 422 157 500 257 131 422 911 437 351 98 5 161 370 265 717 697 111 460 934 536 72 886 862 28 112 241 436 100 797 260 987 947 507 576 148 426 841 394 739 357 37 354 194 805 30 375 318 475 567 114 647 784 366 799 998 724 129 652 474 74 3 253 173 987 221 591 118 843 291 336 717 564 43 590 163 97 494 989 686 852 998 702 245 299 376 987 977 530 928 659 70 344 349 488
196 548 688 557 86 770 659 297 441 432 985 731 254 870 666 723 932 702 970 963 262 373 718 745 870 703 354 551 277 681 748 842 483 167 3 320 373 385 733 129 672 560 412 327 0 940 313 862 324 376 969 472 403 849 818 454 482 289 869 159 335 555 462 604 39 112 527 743 4 809 854 952 653 36 886 259 23 512 353 18 921 109 892 900 176 108 880 384 462 321 936 493 163 320 610 5 594 718 413 817
644 731 206 287 481 513 594 193 688 73 193 892 738 14 850 651 883 398 193 593 133 382 387 969 256 45 761 960 35 242 176 985 94 330 251 918 364 892 976 110 16 258 165 515 285 171 165 298 45 712 205 881 183 905 218 938 21 551 663 398 933 956 683 718 408 566 754 861 877 727 361 358 654 157 693 809 48 771 535 321 218 84 781 838 119 383 652 210 611 92 983 517 642 367 126 790 46 916 860 606
917 171 456 459 154 165 119 722 450 185 9 152 919 442 626 258 986 852 724 257 721 878 353 367 507 152 229 645 436 477 689 932 525 947 291 855 970 544 637 441 708 174 357 806 550 794 725 43 531 119 512 864 191 815 248 912 267 447 675 212 540 375 599 388 28 776 655 752 349 205 331 395 702 343 475 165 770 742 405 63 490 667 419 620 46 983 92 48 450 835 101 460 839 754 590 24 257 306 356 767
