100 100
638 223 647 744 118 929 169 74 141 314 393 725 545 713 758 574 495 395 21 931 635 17 335 411 321 353 783 357 191 792 870 803 456 852 402 169 667 183 940 989 953 618 158 496 811 909 625 294 0 543 578 156 346 969 728 591 850 468 816 408 931 37 923 491 198 59 13 662 582 877 205 926 63 237 159 765 706 423 558 585 879 454 521 372 768 744 783 298 925 809 144 970 64 352 946 528 530 476 807 910
292 762 444 269 437 932 382 203 724 936 540 321 576 906 338 731 443 959 307 884 107 228 783 694 73 566 193 543 874 658 631 850 179 732 424 140 742 568 101 8 82 629 405 612 249 823 744 653 50 315 453 278 533 467 223 221 194 328 470 241 616 270 695 458 838 349 548 255 646 377 668 807 250 668 71 31 994 14 561 245 817 482 884 809 874 323 684 169 211 784 619 417 714 344 328 368 635 173 472 455
334 381 840 988 901 40 968 178 808 449 666 267 499 85 51 37 549 105 664 258 155 530 0 751 730 410 401 329 18 199 393 441 416 651 417 244 894 623 91 214 124 706 989 204 146 434 946 447 321 97 959 85 183 868 739 117 409 387 821 954 255 501 71 567 238 14 359 990 691 368 414 259 520 653 585 208 110 508 533 236 903 375 369 870 725 495 423 755 681 893 666 985 148 365 223 823 879 357 796 832
98 471 11 594 741 213 132 136 220 914 374 418 178 402 648 692 658 638 792 496 68 986 515 930 508 538 802 505 702 331 615 763 138 764 989 678 716 1 506 4 760 484 20 476 375 827 741 791 307 313 424 609 280 32 549 854 747 288 789 459 520 241 16 336 629 676 583 949 774 324 17 381 741 89 174 662 128 132 296 660 368 887 99 400 205 322 600 974 304 876 653 627 931 111 477 100 507 213 91 605
401 223 557 496 604 224 127 211 499 426 815 378 840 305 283 93 264 294 261 278 242 474 543 649 18 326 1 418 24 569 613 61 964 199 767 388 434 704 355 304 814 229 579 83 277 758 755 525 78 928 636 570 314 273 832 83 298 705 997 326 891 36 568 840 620 221 23 674 133 798 878 975 964 324 561 445 743 271 901 419 560 643 219 8 840 695 504 761 616 63 915 102 663 249 607 316 897 593 168 21
264 109 921 910 911 994 992 931 600 791 765 899 954 30 120 299 945 435 789 687 235 976 81 977 330 811 721 641 892 976 436 572 655 781 265 767 898 871 123 267 736 561 373 649 178 443 963 36 250 721 231 395 375 182 811 266 233 700 432 400 774 93 337 970 55 163 164 109 715 161 350 898 751 688 397 306 339 82 716 592 368 372 850 90 998 634 557 528 622 672 699 807 950 922 432 229 103 623 798 717
589 580 228 724 156 824 716 712 442 212 206 315 549 920 567 103 684 842 281 884 757 687 290 143 223 490 310 768 453 94 756 944 119 480 758 240 759 784 592 891 991 519 356 238 558 229 646 653 780 14 611 171 501 689 354 113 512 576 648 303 423 613 522 183 604 105 876 198 735 694 78 585 263 359 529 145 95 497 212 86 645 709 735 418 776 559 101 466 961 932 771 225 499 962 826 927 654 45 288 283
758 119 495 132 614 398 966 918 57 648 14 810 149 896 127 522 247 871 904 482 281 486 921 223 694 996 772 404 885 629 888 527 709 340 968 900 5 897 705 415 414 135 993 313 0 772 451 105 919 984 498 343 270 67 233 380 728 703 603 804 658 461 126 907 164 947 439 745 938 552 551 624 927 903 56 340 277 53 119 964 998 172 993 282 558 729 528 444 76 382 624 780 822 447 773 296 57 791 509 670
307 820 322 873 345 581 844 696 201 724 73 444 131 468 69 397 130 593 941 656 620 980 305 444 375 787 349 818 665 466 505 935 903 104 876 401 721 324 126 277 891 553 113 41 182 160 445 921 955 368 607 500 683 500 240 126 334 455 54 642 387 877 688 608 649 355 338 216 537 261 690 669 792 698 62 90 318 160 817 89 439 312 890 734 849 71 795 997 828 446 674 330 305 936 867 209 434 535 464 473
106 517 449 25 807 458 734 958 304 480 555 849 537 490 858 933 367 68 338 669 953 25 977 938 393 642 900 841 155 180 158 895 297 510 215 772 112 792 501 633 212 868 775 228 74 890 862 895 421 692 624 614 809 629 340 710 392 127 179 244 596 573 962 859 327 474 112 347 593 177 952 530 58 779 143 938 505 499 125 681 9 69 896 440 263 439 888 282 728 727 372 181 72 901 662 928 415 442 288 77
557 844 909 753 828 916 739 971 750 359 501 753 207 252 815 603 248 915 332 942 708 440 375 445 598 520 798 252 522 201 462 953 160 640 429 620 728 390 906 795 268 576 311 886 622 328 398 478 284 647 615 10 955 747 128 35 731 839 229 257 642 934 368 465 183 815 267 397 694 874 717 19 16 988 862 775 44 886 343 600 718 655 887 257 844 756 33 436 793 567 206 419 976 448 993 518 974 394 256 747
275 715 302 17 986 167 706 999 811 480 811 302 454 790 976 161 393 744 98 779 888 61 658 921 677 143 979 772 46 523 308 138 175 616 539 763 488 312 324 908 951 245 46 653 508 528 85 52 204 724 695 363 815 719 849 519 513 330 350 925 88 235 805 891 522 724 577 620 418 67 595 718 479 139 182 300 438 781 183 490 97 598 221 211 981 377 481 799 807 554 770 30 653 731 570 997 380 544 659 904
585 841 887 936 268 908 556 321 355 87 933 219 662 473 760 538 356 139 224 802 176 613 358 1000 776 161 265 815 228 943 243 212 330 140 319 310 366 426 763 499 291 256 138 191 948 658 160 486 729 585 319 909 589 77 882 187 218 366 513 862 483 962 716 84 198 545 57 251 103 2 682 612 50 201 912 562 0 354 384 748 248 793 128 691 52 490 664 349 624 975 672 302 13 586 180 57 602 706 823 627
453 900 535 313 969 59 725 596 614 401 248 796 333 150 778 173 678 280 254 443 992 467 869 248 425 939 295 630 545 449 73 939 469 659 925 551 389 468 257 545 853 501 430 826 115 258 285 763 939 706 888 860 454 46 920 669 103 406 743 652 620 505 241 212 957 972 148 808 261 20 610 670 862 649 346 386 213 939 217 906 681 16 5 750 598 325 295 103 84 527 877 774 779 584 396 90 185 481 6 270
246 90 283 693 680 725 512 116 928 736 794 845 941 110 502 845 97 212 640 775 101 883 317 314 764 619 612 476 33 377 678 363 153 830 932 933 738 529 940 846 53 120 564 739 596 809 345 924 342 440 569 408 193 334 821 492 449 116 639 724 875 225 920 735 367 230 881 189 103 59 631 202 425 495 700 977 127 8 131 225 537 626 197 688 816 541 522 537 634 444 470 958 301 359 646 599 44 325 281 275
461 778 655 692 752 550 890 828 809 799 816 331 266 82 354 979 413 788 572 955 455 666 116 322 47 999 295 604 805 692 596 417 674 469 521 517 412 740 218 209 633 658 834 388 496 894 308 258 842 128 883 868 604 166 649 804 676 4 582 110 809 142 821 211 133 263 561 942 65 295 378 772 614 587 134 246 18 887 198 1000 226 252 668 162 226 746 94 698 331 664 637 928 682 1000 750 150 954 628 629 623
412 377 144 43 117 987 679 887 403 882 111 3 416 961 96 970 385 1000 181 896 630 929 934 164 81 19 371 990 166 172 969 158 352 461 995 297 929 381 768 994 190 269 47 175 697 393 769 703 912 594 684 382 787 418 803 821 873 889 323 37 560 535 45 222 15 702 254 774 963 541 712 902 958 826 548 658 873 907 21 44 353 689 920 50 542 410 581 469 65 106 786 111 621 205 546 690 32 302 59 797
780 392 519 633 511 404 621 775 84 449 481 985 914 509 386 650 883 191 604 303 90 154 121 742 52 691 221 596 622 379 415 869 168 402 79 460 267 667 84 680 732 182 775 22 538 969 849 764 693 441 853 521 349 929 203 741 229 309 77 675 991 281 924 657 542 799 209 875 385 85 983 59 431 526 333 782 35 957 990 103 645 590 937 379 962 443 626 600 179 493 914 597 292 258 707 112 776 814 283 540
991 510 755 692 774 356 809 472 989 145 422 345 191 764 414 653 487 86 527 287 720 862 531 96 258 347 499 704 549 612 564 93 315 76 56 45 44 967 980 100 460 477 784 756 559 921 211 463 45 555 992 325 500 567 762 619 798 544 188 103 298 854 279 122 101 470 597 222 505 149 722 198 186 66 148 903 77 732 73 432 993 268 686 330 748 743 762 972 57 15 991 130 579 569 542 504 36 837 364 603
334 760 763 846 9 731 807 992 662 661 582 283 344 54 445 461 603 197 367 71 10 318 208 162 968 791 478 450 713 715 431 788 972 683 308 827 207 682 906 675 169 999 905 241 379 176 792 567 620 839 182 875 702 178 959 863 769 840 68 251 2 22 77 143 903 71 272 153 895 638 840 186 910 812 150 850 473 557 260 311 950 811 406 332 657 731 845 534 702 287 315 240 622 608 453 410 452 367 524 726
769 549 130 171 180 300 276 147 309 863 486 446 899 269 481 730 866 655 756 957 109 696 63 223 609 534 983 180 161 424 143 665 963 193 44 757 425 209 493 274 880 349 410 545 483 111 242 998 935 743 234 832 889 912 545 542 426 766 920 234 662 62 694 25 445 246 151 652 177 57 298 252 552 785 176 266 211 575 514 490 885 843 121 802 272 901 96 346 755 460 237 788 188 455 173 700 530 524 491 693
326 557 565 744 308 979 840 212 13 557 886 544 113 616 926 532 881 45 440 349 844 423 145 653 674 359 623 559 800 715 362 427 88 239 387 621 593 390 757 107 10 259 255 14 938 425 921 675 961 383 708 641 914 63 634 392 332 938 866 550 335 169 717 760 444 126 77 262 789 883 107 336 739 951 1000 248 299 284 670 438 177 69 78 609 295 97 339 624 349 660 278 962 925 524 15 565 74 125 696 885
992 18 855 944 224 202 78 970 118 554 439 28 496 474 7 985 302 643 432 763 158 319 16 946 426 909 715 501 825 570 315 160 957 967 836 703 955 2 152 695 194 766 554 397 151 741 3 752 66 212 204 22 343 992 193 668 703 293 109 343 507 12 78 10 975 860 393 867 177 434 314 176 159 337 273 413 97 812 218 297 418 435 233 198 825 655 268 882 889 654 197 592 772 845 214 228 187 7 721 915
558 149 915 334 331 756 465 225 377 769 287 546 427 502 245 119 67 101 469 29 978 494 230 350 872 889 910 659 946 790 68 289 463 248 617 44 345 864 932 161 237 344 887 104 289 105 141 815 870 540 65 794 58 978 643 755 570 867 553 904 144 622 829 961 609 652 332 660 121 433 547 657 204 110 102 327 950 29 138 699 471 257 100 773 41 479 454 545 521 233 418 201 717 317 998 319 331 579 53 142
7 675 729 625 763 157 197 784 619 714 616 812 271 580 217 917 309 990 879 206 760 286 658 656 689 44 690 563 843 881 800 928 795 280 892 801 623 768 566 84 475 61 505 144 920 423 270 795 342 984 655 890 805 767 901 301 453 819 484 571 640 656 321 650 671 738 996 63 32 562 335 584 810 215 790 851 864 926 395 372 340 955 49 719 561 913 441 853 894 481 818 590 910 870 995 36 294 111 217 104
922 102 843 983 508 685 336 337 133 982 930 324 51 5 13 499 283 310 516 163 298 322 756 239 236 701 298 221 7 448 128 67 20 449 585 652 884 268 336 376 242 763 988 622 744 559 41 366 440 25 475 986 176 358 579 421 211 528 814 918 823 603 579 723 400 236 144 82 103 701 23 960 218 300 694 803 693 910 483 44 328 859 111 575 23 737 816 142 990 566 794 833 520 591 886 736 158 848 667 587
800 37 155 313 788 65 922 772 595 587 155 909 248 645 658 316 540 522 253 653 123 583 486 434 133 539 411 94 626 208 680 156 802 920 386 413 689 606 106 410 481 322 444 888 320 597 97 621 17 264 163 328 943 285 259 252 342 48 350 326 900 507 856 5 840 321 17 621 412 628 364 801 404 201 899 146 453 999 830 564 410 86 431 240 993 14 873 687 223 574 939 940 235 465 734 188 592 130 549 796
106 615 713 340 176 528 950 955 569 342 116 642 644 856 421 269 648 407 1000 348 311 983 691 757 936 916 547 242 706 962 325 140 602 659 526 712 793 461 669 842 295 253 41 704 97 651 849 43 679 611 435 447 545 563 70 440 589 239 920 31 2 105 740 905 634 274 999 487 819 836 230 259 362 494 769 720 454 850 178 399 845 801 720 381 12 733 5 388 420 594 313 434 508 607 614 387 899 763 988 886
214 774 458 871 209 180 647 176 446 636 511 918 652 226 857 170 781 342 540 623 577 29 130 295 629 89 989 312 380 385 939 875 746 848 4 178 18 814 416 77 580 172 567 32 293 917 467 155 860 657 175 252 328 269 610 958 327 271 450 58 369 150 827 310 245 270 314 576 192 236 118 27 13 994 998 332 829 471 396 525 936 966 993 900 110 749 582 88 963 510 114 49 165 797 57 752 157 46 331 201
385 47 622 143 413 280 336 455 928 467 354 147 819 253 873 125 945 519 934 321 498 725 203 704 784 260 818 985 222 522 860 514 618 353 514 746 974 669 566 88 717 502 266 92 546 720 234 307 118 766 251 818 717 868 842 998 954 277 97 843 922 885 237 256 213 544 393 339 255 969 531 42 727 811 154 111 772 193 111 825 700 355 875 835 425 500 909 77 63 336 475 554 113 529 241 972 651 27 157 172
937 294 762 563 800 925 620 458 735 634 973 165 568 867 139 259 582 321 984 579 785 259 155 659 999 335 212 190 863 242 209 786 60 434 381 835 295 795 608 199 260 48 87 901 59 471 781 863 464 599 138 897 238 993 950 798 953 5 635 398 53 735 869 727 793 918 987 782 674 887 862 912 107 152 464 91 676 670 951 382 368 512 592 726 111 541 535 245 384 171 179 704 802 692 813 598 900 20 878 961
847 91 861 745 642 129 73 719 554 725 750 622 86 682 524 738 678 328 544 505 788 850 411 929 963 998 830 732 447 634 801 305 776 974 912 635 826 551 796 270 739 997 493 367 487 12 446 100 982 224 170 400 671 691 968 684 967 853 181 536 787 81 409 779 842 261 68 318 895 390 655 266 936 443 938 626 191 123 156 898 577 649 228 639 10 538 605 234 256 970 380 708 745 354 764 88 5 754 108 728
881 879 501 13 303 194 321 74 264 568 494 461 886 709 795 620 242 702 102 211 401 897 550 956 873 160 842 307 809 780 882 200 289 478 574 59 35 831 907 750 546 552 271 82 24 190 405 31 333 3 169 488 594 604 125 891 758 973 748 727 624 139 721 60 464 985 63 590 820 189 499 992 988 788 235 101 368 121 694 856 910 926 281 745 429 242 218 6 377 812 139 831 837 539 702 960 753 618 192 247
640 609 584 970 727 528 271 689 254 546 882 814 836 297 826 417 196 975 1 271 801 395 590 13 609 736 740 743 133 778 420 96 747 122 272 20 456 511 997 593 602 550 576 957 464 285 706 600 554 419 152 900 535 537 867 292 699 725 285 195 493 986 272 413 82 330 66 875 755 204 24 880 135 256 749 761 592 943 777 766 405 404 306 532 829 578 224 250 344 592 662 457 813 795 682 552 55 765 583 727
586 390 193 435 434 47 653 422 334 193 57 937 946 284 304 10 282 269 79 659 209 814 488 961 133 855 167 844 30 763 475 49 809 87 344 394 733 824 587 458 220 151 496 116 251 652 536 648 310 225 638 113 843 890 343 780 712 514 798 302 459 930 529 141 499 944 325 178 787 147 768 550 490 47 42 855 73 293 245 81 756 252 250 314 382 260 967 480 941 378 936 670 399 101 592 666 744 129 749 792
628 373 509 682 222 571 497 978 680 828 102 736 866 797 554 650 738 134 182 65 925 405 130 25 882 507 190 614 725 44 975 190 474 616 507 431 804 139 905 210 731 63 360 104 894 640 728 801 194 695 357 600 410 788 562 499 888 919 598 729 423 143 264 299 328 362 887 465 175 344 268 335 259 484 163 299 957 919 335 873 50 132 322 318 551 312 577 167 595 823 56 437 570 825 791 317 831 898 170 848
958 716 610 867 642 233 390 168 375 81 570 123 703 689 11 541 378 564 74 571 718 621 205 395 536 33 274 290 27 334 423 643 616 472 822 30 830 353 681 91 580 616 103 511 175 500 731 800 391 402 873 63 267 91 138 579 947 82 134 751 826 89 481 256 537 865 427 133 353 359 314 193 189 796 3 857 219 709 122 628 620 314 588 441 309 275 499 939 876 334 196 575 586 610 478 860 249 480 88 303
98 52 62 583 375 354 643 253 78 512 624 346 447 563 385 470 488 616 871 886 108 427 18 440 894 62 605 688 569 19 7 751 610 157 537 84 227 695 812 388 309 834 311 375 628 903 994 152 660 523 348 804 111 594 953 946 280 992 251 807 351 318 350 480 635 583 543 775 469 514 36 367 488 119 263 713 480 231 318 423 574 368 781 460 920 102 551 754 77 965 3 801 525 287 118 856 858 907 561 732
450 626 794 498 908 261 357 471 834 864 123 560 276 848 116 605 698 676 879 919 769 372 480 960 970 658 948 145 802 259 286 148 86 443 771 173 461 887 18 591 166 918 45 256 80 268 766 930 737 126 464 468 913 126 889 852 572 280 210 950 917 734 314 797 750 915 739 994 268 887 484 452 566 867 126 861 52 253 309 62 207 320 607 445 21 991 591 252 871 258 803 723 534 246 584 496 289 991 265 953
682 756 478 719 619 352 430 232 610 627 730 262 711 16 253 2 33 937 124 183 289 627 45 932 709 288 250 549 523 355 563 282 899 289 1000 894 736 351 839 955 990 366 588 220 808 509 906 801 129 563 141 686 271 429 755 887 105 412 671 880 360 356 107 732 397 576 42 624 198 22 218 3 342 977 835 688 384 955 835 753 651 468 300 912 374 500 70 995 53 86 474 443 236 195 71 148 266 545 454 717
908 59 149 842 997 702 638 763 784 878 703 762 430 29 342 370 534 244 145 77 755 281 567 728 372 640 316 878 73 326 635 789 42 291 732 286 830 827 135 895 937 887 872 39 546 893 98 482 921 934 324 795 81 20 342 967 71 829 968 549 240 976 467 512 460 372 233 61 320 42 1000 728 197 726 987 264 839 466 402 330 620 493 97 305 912 611 977 205 996 885 130 837 993 425 451 180 507 944 725 993
990 60 34 613 647 947 36 313 734 508 823 12 935 495 56 910 674 11 624 785 479 140 585 677 883 842 675 189 386 972 568 324 180 112 434 739 164 627 54 932 292 344 597 476 971 474 949 705 943 362 470 627 122 436 701 597 196 596 966 221 802 826 987 445 527 13 596 774 379 471 451 945 651 552 781 573 759 241 5 912 167 958 841 687 674 589 563 567 175 733 812 60 225 686 500 520 467 192 281 503
530 174 614 731 303 352 669 451 902 205 164 688 320 908 3 59 325 279 244 70 806 20 937 874 136 24 781 808 223 30 432 759 346 885 444 245 462 81 514 317 980 840 730 824 575 95 439 787 226 107 751 900 949 998 926 405 732 555 892 58 416 37 857 563 628 687 71 49 262 850 816 221 23 390 659 856 763 207 80 178 967 444 795 800 71 818 921 43 833 397 531 841 775 264 949 44 601 10 524 372
115 566 456 132 596 348 85 687 865 986 570 820 859 832 98 691 522 72 953 41 733 881 419 532 951 446 447 398 975 105 789 406 458 770 321 602 552 549 0 378 722 243 113 553 57 493 367 257 712 517 128 821 696 806 798 31 719 632 302 227 92 634 145 407 952 298 851 303 16 726 90 929 651 945 32 251 334 702 641 428 785 140 465 740 19 997 203 277 751 471 718 876 464 718 980 470 297 915 381 7
744 375 198 819 582 510 366 211 971 942 392 17 567 769 471 181 282 37 978 582 17 221 639 514 628 584 294 351 600 764 871 384 149 388 395 711 695 501 657 832 404 865 687 912 688 535 787 182 220 682 503 128 437 78 772 517 1 729 355 69 100 784 199 54 735 785 683 222 919 371 847 763 140 490 30 827 539 659 333 927 662 510 269 380 928 399 831 827 80 764 406 971 912 202 307 644 546 945 465 379
752 510 577 2 406 746 268 994 856 559 826 990 609 951 190 892 943 962 327 857 0 760 111 52 849 183 664 538 587 733 940 544 717 228 476 881 867 392 312 936 890 886 633 307 222 104 758 383 877 612 790 596 741 149 103 850 534 900 992 17 647 976 969 866 227 233 596 740 744 842 100 890 545 500 717 140 586 307 981 870 396 284 552 480 97 885 319 314 764 424 595 195 835 734 22 198 302 746 686 819
856 981 58 152 393 916 746 353 952 926 572 494 482 193 708 904 906 274 114 614 520 803 540 85 550 735 777 866 753 925 218 159 399 569 380 26 144 434 464 110 830 989 807 718 580 778 237 181 661 22 276 325 644 830 750 661 414 578 25 627 500 745 560 806 171 880 627 702 319 791 87 877 888 43 257 689 196 927 600 531 342 774 843 550 388 68 776 82 363 708 567 444 632 333 852 983 536 344 466 401
116 597 178 444 566 635 973 549 485 814 649 16 976 726 758 568 11 926 425 209 934 897 969 826 289 856 947 16 336 13 381 992 755 467 490 580 816 879 751 225 308 835 583 971 426 747 72 172 12 806 749 840 103 177 536 312 676 516 590 685 483 50 839 901 991 315 644 539 328 956 807 597 488 400 829 743 419 669 960 928 738 304 434 303 367 859 851 957 699 796 536 717 605 822 929 125 936 480 840 609
263 76 773 812 328 167 194 770 912 833 132 861 297 386 330 878 404 336 17 993 754 580 820 927 158 223 509 155 548 964 611 848 67 561 28 230 213 118 215 843 540 504 657 774 785 443 212 471 750 906 825 418 559 242 712 356 108 384 972 267 250 383 621 771 360 822 826 923 764 76 523 649 5 274 916 99 743 342 199 18 86 575 286 101 555 284 481 987 566 560 762 696 150 5 105 76 77 66 439 65
966 152 602 16 731 448 102 702 726 119 803 343 75 793 677 654 964 542 672 464 181 552 616 425 852 165 406 499 817 951 233 126 466 311 260 340 835 716 727 753 553 798 409 701 505 252 711 225 77 574 265 784 78 262 838 998 760 852 166 699 536 664 15 1000 916 706 546 19 825 397 344 21 909 571 384 794 664 302 13 428 407 148 513 741 677 992 235 695 75 984 770 179 747 516 685 950 962 846 395 552
851 85 977 82 623 776 915 799 350 214 108 737 722 915 355 884 893 324 931 848 913 708 817 506 530 144 451 198 110 365 644 303 224 300 459 159 442 87 247 360 97 666 2 858 568 99 648 248 867 924 602 197 926 919 11 982 665 647 376 536 938 317 464 963 399 94 853 436 656 362 439 872 726 990 889 489 530 764 834 41 55 605 450 671 300 98 615 340 803 636 632 666 475 757 472 51 388 812 261 923
896 225 102 541 430 816 91 610 744 159 112 879 150 628 207 549 334 934 155 340 151 198 695 960 730 638 474 25 27 412 236 563 861 236 840 825 488 769 884 992 909 748 815 511 766 29 175 184 372 327 96 9 488 25 639 702 979 828 464 831 665 821 520 889 915 866 654 433 281 959 453 156 406 904 139 793 248 791 314 498 117 481 519 394 479 594 669 132 264 204 298 124 78 800 986 844 220 916 133 837
474 593 776 884 542 595 154 606 485 362 360 190 591 156 238 802 699 538 385 379 929 344 242 97 72 569 66 612 603 819 923 739 581 912 382 224 792 773 932 492 762 709 366 317 768 537 5 96 652 876 351 716 705 360 215 982 981 649 552 540 483 137 333 273 311 653 876 438 967 163 42 607 80 329 972 6 577 658 291 169 488 695 388 778 156 953 966 828 603 647 238 997 289 494 738 559 749 284 822 485
373 176 773 560 66 559 567 592 872 746 1 332 492 149 801 955 78 448 863 823 303 444 106 775 902 15 687 598 178 700 303 84 803 906 871 99 167 162 712 414 372 190 95 851 903 668 634 379 534 520 24 114 844 19 133 44 925 967 286 145 661 894 846 24 535 389 637 982 547 444 447 145 824 371 582 499 383 716 8 907 782 42 211 17 137 905 387 557 233 888 369 136 696 887 771 378 7 362 904 107
403 639 408 387 122 715 586 950 95 460 266 695 382 108 333 953 744 492 525 619 212 489 309 256 55 869 864 563 196 568 464 183 128 433 599 846 873 455 631 320 726 987 29 571 580 999 299 156 753 598 357 466 777 176 801 688 990 258 301 614 881 91 450 206 606 400 195 116 944 857 671 659 159 420 770 198 387 405 627 364 706 276 652 34 715 958 870 134 824 836 808 843 714 498 540 956 804 462 470 275
585 67 446 103 70 908 65 278 654 999 215 705 64 866 377 356 670 600 253 273 732 271 858 251 783 76 66 503 580 142 56 828 3 514 415 49 604 885 962 552 611 467 986 272 335 222 976 52 897 788 470 160 714 869 178 481 665 4 304 440 392 282 875 863 285 922 81 24 353 891 438 899 223 519 512 378 822 726 226 44 794 434 949 146 529 226 527 832 984 430 976 972 466 167 161 488 921 319 760 87
128 225 255 177 493 210 140 237 856 232 436 622 311 84 528 220 154 521 458 31 517 226 32 345 700 61 933 703 290 93 417 772 250 529 762 460 963 843 960 876 306 118 985 942 444 179 195 383 641 395 757 555 608 653 719 823 267 653 14 9 377 780 725 885 20 342 256 469 87 716 224 169 465 28 54 961 500 292 21 139 43 927 552 999 328 640 893 851 261 949 507 301 581 487 38 372 332 690 901 268
713 252 429 487 911 805 967 271 697 816 645 119 519 56 858 901 259 175 960 766 111 431 112 732 613 343 421 425 532 481 115 522 835 16 376 384 907 342 344 899 392 43 191 33 108 683 189 355 266 37 997 766 661 446 914 475 879 81 458 128 117 931 532 854 979 890 870 288 993 313 374 782 851 794 579 986 306 566 919 502 503 772 531 911 13 481 394 924 941 105 791 870 912 954 275 111 340 5 500 693
906 290 446 430 745 509 657 514 465 723 760 958 319 393 917 727 426 812 129 10 159 863 532 149 458 503 954 4 264 272 279 441 127 705 507 405 507 707 358 527 695 13 848 256 953 298 416 519 726 431 40 715 0 8 606 454 420 741 270 679 552 721 229 39 259 697 207 871 92 265 439 209 492 862 50 799 448 757 278 740 286 805 964 129 607 76 753 746 386 874 317 601 556 259 674 611 416 763 630 583
204 604 398 429 227 34 768 812 220 530 862 317 748 507 73 618 214 383 780 933 451 840 120 874 942 676 306 950 895 920 248 677 12 989 411 198 220 369 829 902 281 724 146 16 956 552 229 723 588 201 288 759 676 914 248 753 761 509 946 288 682 631 85 154 480 595 290 286 385 360 145 148 233 298 959 425 570 491 263 613 835 672 257 490 351 547 282 574 525 193 97 988 759 839 277 690 764 756 685 346
940 141 723 532 116 279 30 385 582 495 999 972 588 458 10 861 318 390 506 739 521 49 650 609 333 980 966 425 476 175 468 749 652 845 316 961 603 67 546 328 939 450 299 248 497 823 795 293 492 955 943 543 700 674 96 955 787 450 964 733 855 54 125 942 602 851 807 922 124 419 550 590 175 328 101 39 441 258 292 476 257 598 19 689 499 432 803 796 875 956 202 353 214 985 213 754 353 22 392 576
971 564 840 559 468 532 264 833 496 74 675 899 598 987 583 492 19 540 809 49 543 424 733 788 190 990 897 547 634 309 855 466 931 814 262 598 666 407 0 553 67 558 105 516 559 354 175 996 673 654 67 547 391 196 199 937 512 618 418 961 877 558 599 454 123 144 345 68 79 118 910 968 653 460 28 52 762 233 341 556 332 673 132 555 146 561 777 976 577 35 712 135 377 46 496 711 615 863 829 773
721 356 176 761 432 75 150 15 823 491 479 866 563 519 687 992 556 361 792 227 344 889 192 921 682 278 256 378 263 811 98 850 625 828 731 521 590 490 213 49 757 972 827 350 809 272 455 307 660 849 884 957 876 607 957 732 751 489 797 408 924 876 223 691 373 490 165 542 606 433 557 815 670 145 432 579 933 376 15 347 350 805 144 702 871 334 103 498 341 0 567 223 308 439 111 743 801 192 202 161
173 573 579 52 695 906 609 711 893 134 517 84 888 983 932 372 448 347 235 792 173 6 699 121 209 15 838 873 25 341 333 298 867 148 607 986 203 737 6 669 89 536 49 916 242 882 879 720 653 137 392 885 620 27 53 98 843 917 656 549 928 778 418 119 639 340 384 719 364 749 318 698 622 919 135 159 423 130 1 429 175 112 929 187 994 574 130 97 301 648 483 251 671 223 145 49 755 180 771 839
755 45 490 578 768 219 784 560 945 208 299 934 135 321 620 297 359 410 502 978 165 209 529 422 856 742 365 263 240 465 366 259 497 127 693 30 522 570 744 601 794 889 726 171 994 391 739 462 888 249 204 588 687 988 41 471 632 146 549 827 767 340 954 811 939 844 765 269 666 969 757 332 416 403 975 903 962 585 622 968 527 980 760 842 532 53 434 415 432 594 183 261 461 13 364 616 636 264 509 122
983 947 315 229 755 774 847 73 520 623 683 893 641 27 287 168 212 64 251 138 391 662 20 107 374 491 912 334 837 754 489 473 480 336 925 539 784 111 207 142 686 53 864 649 352 238 213 29 997 39 692 901 924 427 499 615 775 682 227 713 66 641 374 288 557 21 996 443 234 901 573 24 379 522 340 429 698 584 590 889 900 517 19 162 689 691 910 900 286 199 537 499 754 396 921 390 381 963 163 680
387 148 824 506 689 218 407 368 148 259 525 231 279 233 958 918 864 851 3 457 428 498 977 587 117 998 659 556 484 586 198 864 399 133 407 280 343 469 116 357 388 70 785 100 412 94 526 352 64 998 848 839 90 62 232 172 317 329 700 537 877 407 119 98 193 969 443 794 392 657 387 850 195 592 261 363 825 908 695 18 177 833 392 752 524 493 241 35 552 927 705 16 223 523 544 294 508 546 321 413
592 45 330 98 903 470 474 716 62 544 171 738 915 235 249 331 281 153 522 801 350 659 822 580 239 992 809 865 504 415 672 733 160 250 344 465 267 332 800 131 64 724 405 373 974 361 810 759 62 330 472 253 502 858 780 297 511 984 211 39 743 69 361 80 791 774 985 536 435 940 314 808 972 614 710 51 704 332 737 603 964 445 398 806 875 840 185 480 17 578 89 558 139 90 474 433 874 922 51 311
588 153 73 9 319 423 837 78 666 345 10 246 483 916 956 986 936 933 57 600 684 675 3 518 272 614 937 831 507 367 131 682 419 148 948 268 266 814 900 932 551 244 518 598 692 826 14 178 708 381 483 289 793 446 637 921 962 258 272 875 876 229 854 326 456 537 248 862 447 931 827 800 301 574 335 807 167 489 82 747 594 348 112 271 355 73 587 611 248 338 506 196 250 799 163 831 401 304 570 89
790 478 865 982 953 104 803 324 674 649 792 382 114 671 597 988 989 811 863 427 752 231 417 245 115 127 518 352 956 765 553 596 578 42 160 838 83 718 601 895 324 175 356 140 160 691 416 781 492 1000 456 392 101 728 961 80 30 267 210 577 260 531 124 945 781 963 926 736 753 699 57 943 101 854 452 202 355 327 721 943 987 862 134 505 173 750 992 733 970 604 932 862 255 649 110 153 602 213 234 930
963 362 378 124 422 9 977 40 957 469 358 446 217 282 483 95 78 507 766 608 484 88 435 259 383 826 647 176 150 481 495 606 257 907 939 157 499 61 326 641 651 991 403 76 636 386 309 508 976 146 426 741 605 339 176 1000 537 861 504 975 869 157 365 110 742 899 603 607 139 631 468 420 159 859 554 695 413 540 139 909 981 558 245 874 508 742 488 295 133 366 852 450 29 531 89 368 894 520 155 205
540 520 43 191 596 861 610 9 699 851 319 546 67 10 767 635 831 979 478 73 838 441 897 363 504 705 844 650 737 343 563 512 608 620 792 317 511 695 29 59 832 731 455 403 287 347 84 157 645 735 793 902 140 159 77 37 215 447 453 364 492 987 369 757 521 31 633 798 787 899 7 899 58 874 783 652 628 257 590 834 127 927 743 564 767 27 672 427 684 510 37 912 648 135 725 385 145 240 496 452
467 154 609 175 79 776 256 278 121 25 728 11 522 307 327 589 511 298 733 672 919 917 847 25 417 589 272 0 180 547 482 917 428 811 948 248 126 198 473 342 740 223 601 653 817 227 205 688 183 248 276 624 372 413 597 857 392 787 718 987 1 661 283 973 647 976 514 807 293 398 246 255 517 117 957 11 129 86 578 28 740 872 217 949 212 767 567 621 207 877 9 429 469 796 308 687 896 407 809 125
653 557 520 860 648 49 112 544 40 315 655 24 268 413 42 665 456 820 292 597 729 933 860 31 217 444 301 255 80 848 837 200 794 610 730 118 752 262 226 646 17 383 634 678 714 988 225 852 100 916 609 192 542 959 518 106 384 248 830 891 607 534 310 369 896 814 345 848 13 260 140 376 743 137 983 402 446 50 862 839 670 826 196 867 714 75 609 444 44 597 189 198 730 665 534 106 762 97 938 662
848 354 480 716 521 880 567 484 23 342 972 925 294 642 482 557 853 426 491 161 773 234 618 848 978 921 516 263 802 869 871 60 778 825 83 709 176 71 167 873 86 212 907 689 365 927 194 470 125 654 563 73 142 461 489 609 305 511 729 953 490 508 493 687 184 269 674 416 888 906 918 467 340 113 621 62 222 397 154 672 890 423 598 296 445 257 437 623 514 446 766 738 91 364 584 354 526 586 988 483
413 186 864 514 404 163 310 169 614 966 662 874 233 540 552 431 436 931 981 537 579 34 488 145 547 653 492 550 735 587 271 563 708 185 839 149 882 552 461 307 104 915 544 295 651 572 841 90 734 739 214 247 223 325 264 189 970 256 27 647 389 348 52 336 764 957 115 920 834 685 427 165 911 498 580 626 402 106 537 144 88 417 259 340 270 489 472 212 263 508 491 987 315 3 867 351 598 102 326 433
746 404 596 165 394 65 717 858 491 235 724 838 611 627 319 768 340 915 80 641 340 852 197 216 80 87 638 689 914 460 563 514 727 801 224 476 313 154 896 629 805 591 382 70 84 85 489 152 946 733 875 891 980 516 517 982 296 739 850 688 622 238 24 253 821 941 793 638 33 329 505 643 399 669 727 235 266 323 327 98 135 634 452 281 691 418 718 693 874 967 629 195 178 624 564 95 723 557 720 659
337 695 379 368 804 973 408 847 273 405 88 985 882 367 409 487 127 795 23 969 31 15 364 394 545 524 1 532 817 383 280 883 888 299 33 215 916 866 299 270 613 462 594 514 60 620 371 510 906 524 86 386 318 493 782 790 207 615 257 368 550 35 207 444 748 432 521 447 922 37 844 528 333 614 208 909 812 766 279 605 573 231 364 980 697 348 23 537 117 999 112 881 745 156 338 315 956 997 835 641
906 61 64 305 437 341 973 946 404 505 148 864 835 888 675 121 197 89 865 921 701 866 73 717 628 665 618 354 371 828 931 804 835 172 221 262 761 797 499 553 174 196 316 513 859 466 209 309 78 315 951 860 590 32 852 419 470 486 432 647 8 917 669 327 527 346 983 156 379 916 395 669 919 921 903 436 878 576 488 323 474 997 580 345 926 31 891 781 324 825 416 113 376 3 330 495 515 671 490 820
890 434 956 472 935 252 861 317 594 795 511 426 247 25 795 746 167 675 30 919 488 848 895 153 405 409 582 705 128 298 537 130 936 114 378 923 488 819 918 19 823 451 517 966 551 483 858 920 23 86 620 996 567 231 480 787 663 547 622 896 422 476 466 372 157 548 6 986 471 868 202 469 163 326 832 162 79 157 993 591 935 380 753 33 682 953 366 709 490 98 601 882 199 887 227 469 544 614 114 92
186 794 968 779 429 701 634 392 784 72 964 529 454 897 771 220 806 542 21 36 479 984 683 353 635 519 203 918 796 597 294 899 298 248 412 363 100 618 368 268 718 612 183 200 491 653 875 710 536 557 513 594 36 605 657 964 887 105 809 667 720 751 436 548 179 711 813 196 246 747 14 475 307 572 862 176 606 708 874 344 386 882 585 88 345 367 282 185 593 373 181 956 185 94 761 624 207 332 511 196
315 658 867 2 667 510 312 913 382 34 434 37 301 911 63 241 951 388 805 461 545 876 54 643 279 725 657 161 944 393 728 798 855 841 619 224 554 250 139 766 881 267 912 156 999 346 148 384 844 814 126 149 898 523 345 561 721 110 191 397 156 628 852 983 640 468 819 280 786 692 190 900 763 611 405 634 298 809 137 919 363 767 604 532 314 489 442 141 919 697 114 672 584 416 37 331 492 188 322 926
735 377 173 526 116 178 598 478 589 965 794 856 541 368 51 133 254 369 585 522 149 24 472 298 861 58 793 776 276 827 802 854 909 915 484 562 418 728 515 687 898 320 908 843 435 385 373 894 674 136 597 4 450 449 327 277 244 77 639 129 535 123 251 68 997 396 708 546 114 661 555 344 169 853 54 408 862 892 289 339 543 919 134 757 628 938 302 215 131 765 796 252 36 589 177 151 372 258 183 356
579 969 703 809 461 992 848 94 300 155 351 607 96 410 997 104 918 843 702 296 129 343 760 989 206 799 611 782 541 620 385 731 600 128 57 225 961 885 224 731 295 465 572 302 368 180 724 683 208 200 852 641 856 792 47 572 252 260 517 4 336 307 56 661 403 711 300 850 996 807 402 194 269 184 103 69 830 537 632 320 532 874 79 83 523 655 323 452 766 653 938 151 767 940 715 737 444 414 62 50
416 688 928 245 289 746 931 226 763 220 683 24 54 210 75 341 704 47 302 945 335 159 146 252 65 256 588 760 336 641 199 217 175 782 85 169 442 801 214 332 396 722 629 77 89 454 737 914 961 731 176 150 342 638 777 197 850 51 694 840 475 813 790 656 765 231 341 693 616 213 509 678 656 576 701 476 158 934 386 446 123 531 894 642 58 834 722 310 260 182 656 926 810 776 804 916 848 838 827 741
998 160 930 85 150 612 618 547 296 288 22 748 266 763 367 241 687 80 12 653 355 185 139 25 382 462 359 964 575 977 545 681 864 749 655 940 175 152 939 289 252 477 261 965 197 57 52 348 273 383 697 82 800 133 932 803 617 819 256 91 276 245 698 90 581 592 924 223 696 721 268 513 415 669 890 649 90 511 77 972 923 202 778 163 421 624 943 323 151 368 8 510 896 475 205 120 960 280 820 166
753 625 401 326 753 381 147 960 941 403 441 389 195 717 599 230 65 247 408 98 289 32 18 153 732 344 490 276 511 744 408 437 212 811 190 103 812 429 69 324 27 591 126 588 280 72 625 611 765 39 699 813 196 735 715 237 454 583 148 100 750 895 801 341 419 278 963 635 661 490 5 905 167 190 12 478 114 652 719 541 694 159 331 427 868 56 259 479 892 993 44 530 634 223 507 5 28 706 799 718
930 731 684 382 4 170 435 360 415 584 902 318 641 571 422 277 405 663 183 483 789 758 823 685 54 777 944 667 671 11 988 968 449 949 203 161 777 42 705 242 456 396 1000 122 436 805 813 777 50 312 418 376 32 278 152 72 677 63 140 163 867 668 579 625 821 105 270 416 479 962 71 715 818 399 768 47 522 463 956 270 901 561 630 853 599 430 480 563 852 579 84 145 2 99 801 817 189 294 597 655
700 143 686 746 643 493 354 303 137 596 608 30 714 982 364 12 210 510 493 705 23 355 246 734 191 909 722 884 271 389 998 342 746 760 415 729 663 870 722 537 527 747 289 167 762 5 611 822 959 522 333 861 971 33 595 959 472 898 627 786 38 996 193 888 275 624 726 858 2 74 162 599 748 310 21 996 622 563 745 228 534 548 375 705 776 103 192 653 916 121 99 783 117 611 391 86 737 428 425 414
549 651 469 484 111 579 51 619 564 63 342 139 588 599 277 540 568 549 866 823 146 136 598 462 74 624 632 913 180 989 460 621 474 37 815 392 81 946 394 288 479 696 977 785 19 864 145 889 747 15 396 72 596 672 954 461 893 845 90 83 586 756 656 819 330 472 980 920 409 393 57 662 872 547 65 135 839 372 350 296 669 74 883 215 279 477 295 949 393 619 211 356 578 942 675 15 362 759 599 501
49 617 470 214 13 872 135 856 573 880 772 490 751 345 659 173 746 758 886 415 619 803 486 973 103 285 366 325 12 698 131 448 225 913 886 186 382 253 996 279 188 409 73 963 413 64 486 267 695 337 395 202 20 616 452 313 589 899 722 310 505 804 786 635 265 573 868 974 38 175 488 117 996 252 23 236 681 1000 308 973 110 142 701 53 295 291 872 155 110 854 72 974 285 219 615 65 77 315 334 513
508 991 751 160 5 700 530 89 137 494 412 65 955 603 575 784 166 52 213 212 448 583 655 296 876 350 47 189 291 767 537 595 1 6 839 950 574 62 667 763 25 305 627 297 761 603 691 117 602 579 618 505 78 429 47 611 410 340 798 546 273 712 158 229 362 44 381 447 576 518 236 819 774 294 774 776 892 158 172 426 434 968 859 411 965 459 726 409 596 953 5 472 298 883 311 470 653 428 145 748
480 559 796 225 723 267 146 571 591 374 187 471 789 317 475 460 752 117 415 746 214 514 28 894 940 365 683 701 257 365 570 948 333 621 301 539 773 138 24 176 248 271 389 422 779 755 835 125 214 481 124 738 313 666 810 969 712 67 38 820 675 358 788 966 583 887 351 556 824 177 369 808 706 819 686 603 530 826 669 957 731 915 562 854 369 767 725 341 942 116 620 519 85 109 965 934 802 169 840 749
597 410 758 786 361 593 30 172 945 885 687 343 319 297 635 515 507 900 837 171 643 251 461 526 892 756 716 663 9 290 200 546 958 33 152 620 176 336 697 324 802 854 594 536 82 941 932 626 380 591 280 400 621 827 289 553 969 435 768 149 908 388 282 35 307 912 589 4 645 625 179 800 880 428 413 910 132 540 75 826 260 215 567 617 828 888 645 227 431 731 870 553 799 694 50 873 465 609 129 29
570 884 674 55 265 61 31 80 892 52 879 250 276 100 570 938 716 972 92 941 513 224 738 82 886 16 546 80 912 557 89 194 632 229 21 333 244 769 119 479 562 633 258 722 575 607 876 768 581 625 453 396 673 37 845 614 746 919 166 249 789 534 467 611 777 445 839 17 23 366 920 587 501 859 649 7 494 539 121 588 833 197 989 92 820 857 176 847 467 122 947 701 955 690 968 818 640 991 882 111
948 740 231 501 387 455 486 294 788 430 893 282 375 250 497 730 569 144 487 625 415 127 517 414 941 712 970 575 246 901 14 789 711 614 710 533 972 569 524 737 241 811 833 246 500 692 267 807 847 929 266 575 517 610 981 481 714 191 239 292 130 395 912 304 880 596 237 553 416 987 756 513 490 893 613 312 233 332 254 93 766 618 514 719 608 292 786 770 869 958 371 465 69 918 925 231 22 48 269 248
841 739 890 70 123 60 35 12 214 519 301 448 765 479 867 156 261 772 368 701 77 496 768 261 205 137 493 957 674 436 777 497 623 682 329 309 682 583 502 164 17 2 477 553 923 252 374 484 82 901 90 350 887 500 534 44 490 513 424 923 223 357 606 838 39 698 769 231 855 532 766 306 801 38 350 806 680 237 748 843 752 447 439 237 79 358 258 388 407 213 589 790 10 217 651 581 611 964 538 320
227 48 261 136 440 74 312 636 86 182 801 906 714 361 838 47 921 867 984 750 908 728 643 804 914 380 40 145 802 81 159 964 77 555 709 245 48 532 528 853 475 888 445 490 978 64 31 817 739 324 691 108 785 547 13 632 638 583 178 56 597 858 695 323 705 413 748 1 238 27 494 2 102 581 322 52 577 589 540 831 824 490 516 542 193 531 319 852 849 733 381 320 367 53 432 908 68 926 189 443
209 586 492 297 761 490 924 860 523 505 915 972 462 835 76 630 58 332 870 297 704 609 122 287 889 576 24 388 247 668 24 389 125 2 931 500 295 40 584 601 569 694 449 475 111 323 490 944 137 925 460 632 920 158 532 607 256 36 422 890 124 839 83 776 895 545 367 227 533 102 207 944 152 314 444 565 463 870 709 249 235 654 647 794 128 534 206 649 209 121 309 897 16 681 922 73 811 800 266 361
243 170 333 14 89 831 11 952 224 236 612 908 975 980 195 582 559 430 566 77 953 519 924 317 477 569 940 901 32 556 137 822 820 807 984 961 292 557 473 583 651 881 253 686 679 544 1000 865 248 73 123 764 390 32 910 148 551 973 604 491 221 291 316 440 352 149 569 206 484 435 612 876 873 144 995 844 923 773 710 418 958 477 828 935 198 386 480 529 665 941 220 703 108 691 470 114 978 457 97 302
