100
-7407 -1021 0 0 1
7509 3652 0 0 1
-8665 -8905 0 -1 1
8227 7788 0 0 1
-4743 -2088 0 0 1
7849 -188 0 0 1
1987 -3917 1 0 1
-8865 8272 0 0 1
2795 8638 0 0 1
-1204 5358 -1 0 1
8704 8975 0 0 1
4680 -4003 -1 0 1
-2302 438 0 0 1
5252 -8530 -1 0 1
9955 -7182 0 0 1
-3381 -90 0 0 1
-7508 -315 0 0 1
3012 5302 0 0 1
5138 8102 0 0 1
-7642 -7209 0 0 1
-2674 4584 0 0 1
5886 6892 0 0 1
-5229 3277 0 0 1
8012 -8970 0 0 1
9949 9289 0 0 1
-8146 9283 0 0 1
-6172 8126 0 0 1
-2093 -2813 0 0 1
6119 -6519 0 0 1
-8138 -3399 0 0 1
-8672 -4675 0 0 1
-1963 9434 0 0 1
6602 5907 0 0 1
-3355 2058 0 0 1
826 5443 0 0 1
6469 -8382 0 0 1
5252 -9499 0 0 1
8503 -9303 0 0 1
-1527 4203 0 0 1
-9787 -8867 0 0 1
-197 8109 0 0 1
-4115 -428 0 0 1
-3580 7908 0 0 1
6102 -9406 0 0 1
-4051 6586 0 0 1
6623 8832 0 0 1
5336 7872 0 0 1
7142 -2890 0 0 1
-1068 -8361 1 0 1
563 -2606 -1 0 1
9618 6789 0 0 1
3215 -3080 1 1 1
-2948 -9281 -1 0 1
-1452 -8160 0 0 1
-1006 -6567 0 0 1
-5690 7231 0 0 1
-770 8213 0 0 1
8547 8801 -1 0 1
223 -2213 0 0 1
-1787 -8421 0 0 1
-1276 59 0 0 1
6186 -193 0 0 1
5984 -6210 0 0 1
-1162 9202 0 0 1
-254 -8438 0 0 1
-8793 -4623 0 0 1
-7268 -5427 0 0 1
9170 403 0 0 1
-1258 -8963 0 0 1
-3566 7629 0 0 1
-989 7239 0 0 1
-2837 1450 0 0 1
809 6162 0 0 1
1411 4818 0 0 1
8433 -7396 0 0 1
-1291 6339 0 0 1
-6423 7942 0 0 1
-4508 -1191 0 0 1
-2280 -4562 0 0 1
2579 -1738 0 0 1
1614 -9719 0 0 1
-3593 4342 0 0 1
823 -4873 0 0 1
2867 -8933 0 0 1
-7396 -5351 0 0 1
2996 8724 0 -1 1
-9552 3652 0 0 1
-6704 -8631 0 0 1
1149 6324 0 0 1
-7406 -667 0 0 1
1512 2995 0 0 1
-3034 -870 0 0 1
-2318 9810 0 0 1
7170 -2620 0 0 1
1498 -1102 0 0 1
-3721 -3332 0 0 1
-6335 -8198 0 0 1
-2547 -9 0 0 1
4166 -6942 0 0 1
1339 -5684 1 0 1
