11 35
657 558 387 313 789 233 198 793 549 372 750 862 199 957 811 542 402 34 709 867 135 133 751 375 575 816 437 922 861 910 370 611 985 103 342
111 182 791 507 375 309 596 963 271 151 163 586 40 971 687 570 630 339 127 190 741 970 240 627 635 495 482 25 800 153 872 819 825 812 899
688 648 127 16 70 8 89 700 841 328 679 329 323 611 99 379 407 140 965 13 969 72 580 908 135 918 922 810 389 122 854 993 238 625 112
827 850 0 544 962 346 286 562 101 398 622 137 185 635 179 931 825 534 973 444 609 962 531 136 516 662 741 178 617 724 947 755 496 184 397
729 659 187 985 189 998 210 990 637 477 88 504 116 440 982 538 522 210 791 107 841 272 952 221 589 313 199 229 234 227 676 697 768 171 746
564 33 539 632 851 864 505 450 724 999 430 377 654 434 481 799 974 968 114 562 748 898 303 403 841 930 539 881 547 679 14 313 937 424 421
695 653 607 660 803 299 142 586 782 310 612 626 481 212 676 296 929 440 478 530 187 26 979 95 174 740 812 845 741 483 248 125 814 176 476
600 819 307 993 950 920 202 230 714 750 196 806 308 635 982 234 184 884 874 264 429 575 582 587 924 437 669 808 55 805 834 695 529 738 272
372 524 525 137 92 61 620 149 200 205 419 749 897 412 616 137 796 272 173 486 685 361 285 129 997 690 159 897 367 819 512 514 852 427 253
113 915 867 414 572 763 749 505 883 619 309 871 616 961 6 210 266 120 473 890 549 105 301 69 101 488 711 50 968 435 348 828 733 163 393
133 902 409 98 343 765 157 94 297 611 523 135 408 538 895 7 85 612 606 65 383 380 217 176 544 791 242 461 365 969 255 147 41 521 396
