50
1 0 100
1000 180
5 90 10
80 30
1000 180
280 40
678 235
995 209
1 0 50
40 0
1 0 50
504 43
1 0 50
397 90
1 0 50
414 148
1 0 50
897 180
1 0 50
912 212
1 0 50
587 270
1 0 50
888 324
10 0 19
1000 18
1000 54
1000 90
1000 126
1000 160
1000 196
1000 232
1000 268
1000 304
1000 340
10 0 19
1000 268
1000 304
1000 90
1000 126
1000 196
1000 340
1000 232
1000 18
1000 54
1000 160
9 285 100
744 201
866 153
987 203
199 138
567 327
284 298
141 253
362 92
613 147
5 88 15
750 84
863 264
706 103
670 267
758 35
8 306 41
396 5
442 121
671 242
181 64
421 245
951 176
592 288
243 189
10 181 89
56 345
379 17
692 137
550 198
252 290
296 218
330 199
753 289
630 33
313 128
7 16 42
44 173
905 190
742 115
32 171
51 121
195 22
930 319
10 154 14
5 118
39 75
82 72
255 349
403 305
256 309
445 75
990 53
857 7
468 139
5 88 10
404 182
436 109
613 96
191 105
581 86
9 54 80
301 115
28 307
517 124
933 287
417 127
721 138
822 74
827 351
71 150
10 46 27
689 228
711 195
987 182
256 4
133 201
21 46
693 226
934 215
526 281
571 63
10 348 13
929 236
624 46
115 186
11 240
306 30
199 324
877 126
6 281
971 199
718 277
9 102 50
513 143
64 349
204 174
738 75
168 254
634 167
604 171
475 155
230 271
10 128 78
511 15
691 31
685 135
207 207
558 29
859 31
945 56
98 141
578 309
259 337
9 229 26
859 85
915 185
593 40
113 292
66 158
873 264
454 6
848 271
773 298
7 219 13
872 291
60 93
436 116
7 20
705 196
438 31
452 149
6 271 94
214 225
738 239
479 317
208 261
622 348
787 38
6 150 66
919 36
976 37
266 330
114 269
85 153
405 167
9 104 62
885 293
611 144
612 143
901 51
585 155
597 169
373 317
374 328
508 163
7 40 68
816 314
297 344
3 26
711 44
55 191
795 52
873 268
5 222 61
40 152
151 78
337 220
696 99
435 109
9 161 92
227 307
137 233
296 161
631 2
143 29
259 228
581 219
983 165
363 211
5 171 95
12 353
622 118
919 83
227 185
539 252
7 106 64
554 42
2 307
102 245
793 283
492 246
952 84
828 131
7 8 59
524 194
140 96
544 37
550 2
943 136
603 280
156 355
8 77 70
341 283
130 143
633 52
190 199
512 84
636 168
466 183
437 163
8 236 4
531 156
593 227
517 14
20 10
399 321
625 162
381 131
974 48
9 227 72
316 43
688 287
60 297
847 111
509 40
414 240
108 282
265 20
260 160
7 89 13
392 161
309 50
133 89
54 325
466 317
389 330
424 37
8 261 32
79 353
610 173
580 141
751 347
805 84
567 349
791 224
461 50
10 166 18
881 188
872 276
249 353
293 341
512 27
143 311
497 38
420 16
457 303
582 78
7 269 73
176 56
225 260
910 211
334 313
381 121
111 230
643 302
8 109 7
383 135
970 276
503 81
185 332
627 292
917 230
658 286
113 139
6 122 21
500 62
43 225
712 182
189 183
906 319
432 62
8 305 68
145 32
968 251
981 187
970 144
33 298
734 307
262 350
119 198
8 290 76
392 290
999 81
155 214
320 87
155 80
101 155
805 237
552 257
8 356 11
530 342
252 326
531 305
535 195
283 177
452 214
675 202
410 36
7 60 56
927 354
633 177
75 176
480 36
751 71
463 339
573 133
8 234 95
933 219
489 319
428 215
331 340
164 215
442 142
27 46
638 180
6 132 77
978 301
63 107
504 236
751 5
760 114
903 305
