100 100
718 517 840 717 862 710 911 866 833 141 223 221 499 70 292 454 781 977 286 230 87 277 366 100 19 315 768 904 262 881 194 221 485 66 557 328 919 173 773 451 871 392 702 583 184 551 491 285 781 625 733 213 770 463 158 925 262 874 397 18 397 559 807 796 607 685 679 600 839 972 697 786 450 121 894 282 662 610 55 366 251 136 48 834 523 189 964 470 149 241 199 764 206 181 176 124 585 928 400 738
705 2 133 431 487 112 226 770 884 976 522 708 489 646 75 822 154 196 181 726 570 435 104 811 561 742 601 61 752 210 7 250 28 456 899 257 596 358 222 376 360 19 152 983 735 539 11 221 393 204 184 906 868 513 346 650 681 845 568 979 918 297 766 349 864 874 924 872 953 273 848 1000 265 267 405 863 663 942 78 192 564 168 185 0 719 96 45 399 182 451 701 316 383 762 752 825 665 823 962 786
634 546 410 943 251 714 47 6 526 485 916 491 775 877 467 73 642 191 653 578 592 983 552 354 54 451 692 724 140 627 719 380 735 730 568 4 871 171 754 826 103 775 35 219 254 930 694 290 522 967 664 89 947 887 667 371 514 603 973 951 930 756 567 416 271 497 850 692 97 966 83 540 925 910 624 216 504 230 470 317 985 339 727 833 610 143 186 781 883 758 9 218 886 805 831 338 870 636 771 476
826 124 361 470 420 66 168 453 83 759 24 140 261 8 41 766 968 273 170 37 363 160 687 477 253 555 948 246 924 379 187 236 713 149 853 303 57 764 111 543 249 781 456 805 662 53 597 147 790 831 704 381 610 322 48 113 629 974 837 478 395 661 171 820 994 36 578 526 185 509 200 875 949 349 883 91 168 594 855 749 779 190 333 113 120 952 818 586 258 837 68 51 757 994 406 888 100 503 7 666
71 417 999 697 361 475 303 49 168 476 808 477 789 726 985 704 666 720 273 757 878 476 441 881 595 33 205 473 104 397 529 106 131 745 643 233 854 968 978 700 61 875 962 917 682 39 355 127 288 543 476 394 689 723 551 334 354 483 494 749 723 523 244 469 248 806 834 165 177 236 661 975 259 296 449 95 258 601 11 269 412 867 83 472 81 364 845 655 442 591 746 228 975 23 90 390 630 140 353 949
810 839 981 749 884 514 723 349 597 767 247 903 466 208 428 276 318 319 963 219 309 922 667 627 258 26 309 140 309 21 813 502 760 497 271 342 365 473 280 984 627 490 563 336 463 185 711 486 889 599 359 448 159 941 603 35 697 410 256 842 20 298 632 474 492 664 899 577 438 86 92 332 474 908 484 110 259 363 860 821 506 680 758 528 878 914 623 556 557 269 38 745 882 647 141 966 589 481 172 618
969 814 430 666 340 534 733 781 772 650 21 116 584 385 119 271 23 953 417 974 502 851 506 891 883 559 879 546 629 906 733 397 392 935 968 598 298 117 376 160 469 136 899 134 500 40 858 432 632 4 403 201 294 199 338 319 240 187 523 302 159 799 482 296 235 658 905 589 685 809 430 294 967 901 91 881 835 293 166 937 86 532 614 452 571 17 731 468 425 898 942 476 585 643 243 391 357 506 859 781
34 872 442 675 557 510 105 29 753 688 471 761 984 913 688 239 45 615 502 623 67 146 655 511 712 323 583 862 989 830 282 962 501 414 505 868 684 595 786 921 489 574 474 144 546 427 110 285 904 516 276 943 624 216 430 104 571 688 585 654 880 432 363 491 641 470 651 882 137 604 791 541 149 516 866 411 46 400 275 820 737 490 966 126 899 854 888 899 544 999 123 124 792 355 478 52 278 334 329 777
97 895 582 249 125 974 991 412 32 289 676 369 928 395 138 384 787 87 442 713 964 610 157 23 147 727 126 130 810 932 91 811 761 523 986 800 412 771 281 710 325 328 475 638 6 715 663 513 176 147 248 349 894 206 521 301 388 275 347 732 180 532 769 5 372 535 693 661 998 530 75 157 284 727 272 745 145 366 269 513 135 708 293 240 595 774 718 510 209 711 908 747 327 518 305 121 580 972 836 472
31 447 200 806 309 435 185 507 125 347 52 340 0 813 808 217 97 111 416 330 849 388 429 449 777 589 583 212 406 827 135 471 289 195 48 232 956 570 690 830 91 11 959 560 156 896 921 192 294 510 530 529 694 783 121 674 328 885 553 303 784 730 737 509 84 955 949 277 743 958 161 333 425 954 794 950 5 50 103 77 94 646 36 63 582 554 976 746 778 33 30 512 273 572 470 838 122 126 718 38
197 805 618 334 573 885 699 187 933 565 163 779 996 384 374 116 346 90 342 754 972 953 893 44 24 902 639 369 666 998 581 671 437 323 28 955 506 800 970 455 336 927 721 417 786 852 343 781 405 978 186 140 67 342 677 24 533 86 781 539 30 18 265 666 521 554 750 61 77 787 966 698 87 488 621 549 768 648 450 535 864 13 901 99 786 20 222 360 415 899 324 169 928 420 955 245 965 786 671 587
622 95 919 398 62 513 750 312 249 950 54 766 183 299 476 257 585 404 172 898 589 253 547 262 598 674 613 775 860 914 486 24 900 234 27 149 486 811 170 191 179 205 869 59 126 868 379 285 592 218 967 920 708 9 106 248 173 915 796 753 703 799 224 637 159 972 569 691 750 295 281 461 188 817 665 551 976 723 187 226 910 273 548 317 921 289 638 697 607 491 78 53 747 705 48 300 289 649 493 410
26 351 366 635 251 459 477 810 326 854 604 672 76 470 493 25 584 708 331 636 677 571 96 268 680 740 860 369 15 841 279 724 959 531 95 693 378 964 630 177 688 501 943 521 435 333 764 381 132 122 168 817 931 880 141 708 290 161 553 932 278 295 206 119 878 647 799 761 282 498 882 545 978 821 748 656 723 169 117 713 994 373 307 392 627 803 922 263 535 967 383 947 326 810 399 780 519 747 1000 782
336 172 607 289 822 524 655 199 44 351 922 260 112 385 268 124 734 901 463 74 587 524 132 161 923 622 401 203 976 724 340 665 338 175 739 800 817 397 550 455 67 227 986 951 216 349 197 445 402 127 276 906 139 236 170 40 208 192 26 753 775 17 911 186 402 630 106 470 908 107 36 588 125 799 208 848 613 323 403 948 146 532 424 647 158 809 312 261 494 736 372 67 168 55 897 449 614 306 314 901
39 814 662 758 93 523 376 973 805 227 792 319 124 111 236 905 637 919 237 615 649 11 343 709 877 610 491 10 467 337 645 636 476 972 996 989 91 601 20 908 800 188 370 361 474 461 854 465 131 633 594 607 727 518 786 122 258 966 952 711 622 969 163 732 356 181 935 491 495 5 734 488 974 202 631 63 18 815 800 724 748 22 636 7 566 43 452 1000 869 419 1 208 133 921 415 314 333 943 686 274
553 449 759 734 755 441 699 635 616 192 550 288 219 896 154 349 174 320 879 31 297 646 470 490 857 623 613 54 70 642 225 485 140 473 61 239 526 578 0 964 121 140 793 135 510 185 819 653 686 95 706 434 133 387 407 776 224 364 662 96 861 21 201 66 370 330 652 911 105 534 879 174 298 381 94 596 434 689 559 198 439 241 309 255 400 639 146 51 444 183 354 424 295 709 75 224 26 136 796 129
780 375 68 551 489 120 256 416 115 161 744 909 140 347 935 545 710 857 143 36 547 357 646 693 345 928 946 412 914 291 230 742 826 36 983 642 329 951 909 780 529 62 89 769 229 975 755 831 892 565 992 400 892 223 244 972 183 804 749 912 903 382 422 860 817 658 35 786 743 107 889 367 192 657 461 249 425 399 307 531 890 146 994 127 173 940 968 80 435 80 553 564 30 586 230 477 565 188 666 293
675 484 529 738 252 228 1000 759 59 931 671 452 962 40 276 423 30 29 822 242 294 754 132 681 146 116 130 909 321 466 16 669 197 912 441 595 412 425 63 101 772 13 100 684 310 50 706 684 984 936 514 240 98 852 174 509 457 758 848 38 991 180 809 249 569 46 896 613 870 176 751 136 290 550 426 645 725 654 965 256 236 278 710 367 61 174 236 644 463 918 33 702 61 913 449 196 735 143 844 372
928 806 358 25 409 766 259 4 778 198 331 96 549 826 629 704 382 535 483 448 565 461 245 257 410 5 950 826 121 347 88 396 336 579 978 241 224 578 75 520 585 806 960 750 452 790 386 819 301 813 565 818 990 368 522 982 880 795 817 751 531 197 301 221 206 281 730 16 702 389 155 883 130 466 758 871 142 575 454 198 282 674 421 932 686 324 888 208 52 368 13 744 504 554 77 649 660 10 950 599
988 676 793 967 521 597 852 194 942 807 640 976 79 778 768 384 768 983 648 660 874 395 422 353 157 55 642 475 381 75 353 146 567 684 918 701 365 178 895 974 462 107 11 589 136 430 127 185 634 541 971 293 687 147 755 754 485 227 381 887 783 321 755 82 786 400 491 938 979 64 397 185 925 604 812 176 212 650 928 87 80 309 148 888 70 5 438 440 702 813 645 706 341 348 757 716 463 154 41 356
506 229 525 273 422 671 325 60 172 285 526 708 872 962 836 589 669 910 168 387 4 525 206 381 929 703 542 497 318 660 641 180 556 601 869 199 29 913 570 436 519 322 296 344 452 781 149 754 307 437 217 966 26 631 779 513 447 941 639 48 29 146 801 569 582 267 793 183 408 15 415 977 51 481 955 682 193 525 556 985 97 311 633 350 622 820 404 914 636 209 860 451 567 227 812 363 884 661 238 986
775 687 590 514 860 509 114 788 619 967 115 200 131 837 109 410 497 421 66 414 393 558 592 556 466 874 460 707 483 902 349 878 604 987 504 767 747 811 55 870 804 130 648 544 707 914 615 432 323 913 314 896 434 293 431 925 920 41 340 586 10 403 64 919 629 994 964 313 924 424 889 916 279 199 14 253 909 44 144 334 697 329 975 169 774 604 308 241 333 477 157 860 634 419 398 85 713 545 548 74
446 51 555 561 701 601 737 108 419 498 286 364 358 258 943 974 931 314 268 911 561 875 638 659 820 929 826 927 882 625 410 715 357 898 982 170 839 359 796 789 661 729 173 243 555 579 820 67 96 825 983 366 605 822 577 200 10 461 836 848 745 516 285 733 520 761 620 406 991 782 359 648 911 205 923 330 514 334 728 442 191 324 53 459 442 412 326 906 261 637 39 690 555 907 608 372 770 139 45 291
795 422 719 774 929 808 394 912 362 729 810 549 504 676 222 420 173 21 439 840 349 582 827 82 661 146 543 382 200 626 412 42 177 208 922 945 488 692 510 987 555 565 38 172 673 945 958 912 757 141 532 156 919 366 437 416 807 76 796 918 18 631 835 2 222 945 292 397 761 975 719 160 45 737 982 568 324 127 982 253 987 844 186 405 391 769 649 879 307 623 584 735 217 491 358 154 179 116 964 100
572 643 609 53 657 375 543 704 520 616 935 965 442 278 107 383 163 606 717 425 684 181 398 147 441 807 180 135 628 453 135 90 516 199 74 962 270 453 646 65 562 942 958 917 74 80 676 167 160 567 974 769 171 428 588 807 407 240 423 164 652 281 376 795 247 427 487 618 194 939 562 507 179 767 896 577 812 631 925 422 407 153 916 687 449 956 619 154 164 122 543 382 546 77 535 562 373 128 251 999
853 943 371 736 358 18 607 943 40 78 403 408 447 65 982 36 416 244 884 882 866 505 788 271 647 921 503 557 836 373 205 662 711 821 638 801 378 703 201 271 677 591 172 818 751 330 913 256 733 900 586 964 249 378 385 664 932 477 168 276 903 124 772 246 510 539 628 762 594 561 802 398 515 88 415 241 101 204 162 113 457 823 963 780 756 438 104 484 465 80 148 498 669 489 699 173 18 404 930 328
788 797 83 171 215 345 826 954 552 813 607 976 424 174 228 257 229 785 442 423 537 101 383 161 758 666 390 46 731 142 315 53 675 582 487 449 933 505 587 603 745 255 892 850 911 694 416 830 922 733 246 728 280 327 762 896 424 978 236 370 969 93 611 269 751 553 381 661 397 180 895 846 642 462 546 918 956 25 118 301 708 851 546 282 43 164 658 764 72 296 723 316 7 877 17 496 906 691 149 960
226 432 127 633 526 770 815 890 699 931 227 776 742 227 951 371 179 800 287 380 226 454 482 660 817 479 846 465 74 800 486 180 518 385 603 809 388 254 711 532 63 969 447 723 121 614 341 918 486 897 136 139 640 749 591 559 88 371 220 773 780 323 467 177 454 911 56 228 301 652 590 781 745 921 404 506 264 323 428 830 393 523 538 524 745 184 248 314 621 978 661 2 496 630 100 589 671 628 40 621
189 603 820 872 279 873 43 726 614 738 791 407 233 537 689 881 766 711 301 511 67 124 542 402 916 274 189 120 81 24 559 919 250 150 255 78 493 826 791 228 716 302 231 172 501 892 429 319 198 547 361 480 732 193 247 530 206 841 213 123 695 632 177 950 68 215 598 733 233 275 261 740 838 569 877 796 70 604 907 199 310 815 752 79 80 420 575 16 550 791 256 552 57 366 179 242 334 644 598 275
863 376 903 655 447 317 894 197 849 404 476 75 147 739 259 13 509 356 354 418 364 829 348 113 179 420 641 229 431 878 963 597 360 365 237 189 255 274 204 452 861 745 275 443 112 845 343 233 827 399 858 54 326 893 985 592 302 32 247 616 528 316 831 563 495 41 56 12 508 224 887 405 849 582 10 939 46 548 308 280 781 415 191 943 802 425 613 363 69 738 880 918 159 14 780 144 735 962 72 325
980 786 796 787 755 256 724 136 198 477 672 854 65 815 191 847 898 124 536 148 847 400 548 101 335 387 22 716 723 687 859 168 620 820 30 869 568 406 941 840 377 452 696 773 574 483 347 288 1000 492 539 970 151 587 730 612 260 526 833 895 622 985 531 802 504 883 549 717 59 884 490 229 834 990 697 950 790 393 24 671 341 357 771 644 217 718 959 975 289 551 902 14 261 395 859 557 282 762 545 748
718 17 223 794 971 924 907 208 248 702 80 126 18 701 826 102 973 872 588 231 572 30 664 499 544 656 0 894 633 846 816 709 360 803 583 51 126 158 589 45 280 289 479 786 842 320 248 85 250 510 513 958 930 120 513 520 24 203 269 625 902 29 367 997 310 442 985 833 677 928 844 683 927 848 156 80 312 802 654 434 625 22 900 284 111 87 465 683 610 364 480 61 743 452 773 607 479 190 348 403
133 424 602 619 577 511 790 708 266 391 2 540 105 330 570 705 907 927 173 158 583 320 638 371 191 71 598 730 728 310 148 243 844 68 69 468 790 799 289 840 748 182 794 757 134 174 936 131 7 221 996 615 349 854 696 639 178 401 842 837 892 438 995 670 406 19 214 507 760 314 959 543 70 513 242 905 2 839 38 735 738 934 285 907 520 155 165 80 558 207 117 10 461 189 261 803 136 315 159 778
109 845 378 922 960 598 238 117 706 13 529 414 385 366 699 240 648 718 108 164 360 160 150 862 3 564 97 135 634 534 542 327 810 229 501 587 409 835 734 86 457 256 769 218 374 50 138 33 49 698 533 431 555 831 188 443 100 831 729 929 939 299 789 717 248 690 934 800 965 958 472 352 335 355 225 610 68 426 781 718 672 200 317 230 331 232 484 756 874 892 662 110 178 640 800 730 741 1 175 640
437 859 586 902 30 603 239 682 870 521 500 370 900 935 381 836 354 973 391 878 844 831 797 168 563 510 96 818 676 370 775 127 845 205 397 519 525 283 862 237 316 185 859 453 406 982 229 417 96 847 904 125 637 618 304 852 727 575 7 523 683 383 266 387 332 157 235 889 244 444 37 567 418 963 323 153 397 217 288 838 665 819 286 12 406 246 244 713 184 435 450 846 678 576 856 854 283 887 378 376
48 122 346 181 367 639 430 993 278 543 615 608 630 764 609 71 623 714 253 608 363 741 374 457 170 921 541 414 447 749 321 49 411 72 840 236 102 836 192 696 507 75 782 852 427 576 744 330 369 266 906 737 211 597 656 548 905 867 875 537 775 252 939 342 817 734 300 750 637 205 134 673 239 317 432 317 991 666 957 105 457 963 144 168 377 935 252 582 686 522 548 642 342 898 513 199 944 313 47 613
229 644 111 832 763 424 97 645 511 907 757 612 419 124 834 303 441 238 662 620 612 154 17 298 317 977 37 658 946 399 232 602 876 447 372 214 680 833 538 298 861 263 475 807 503 322 242 897 557 104 887 869 419 923 867 742 612 479 156 869 249 477 853 32 854 6 792 362 153 610 103 61 13 109 622 579 680 855 34 855 206 54 832 233 303 685 200 910 20 112 917 49 632 277 637 195 445 130 652 664
455 15 235 652 584 147 557 971 262 877 940 750 850 276 530 657 104 887 252 341 78 485 784 561 44 179 24 38 645 701 672 347 581 4 831 589 968 95 594 248 484 670 416 734 66 553 800 530 639 677 486 360 473 961 605 667 686 58 89 256 561 167 126 149 164 176 764 966 165 978 422 492 202 979 516 388 353 540 581 503 860 581 970 736 317 225 460 669 95 47 968 75 811 754 666 703 837 353 867 928
251 486 984 567 724 320 674 131 415 880 684 688 332 916 107 401 50 800 465 35 776 959 125 377 939 837 90 832 576 163 999 198 9 636 412 138 768 351 931 183 274 898 617 394 428 7 403 490 148 446 68 654 764 164 828 135 876 706 30 960 289 72 183 93 138 431 135 778 610 938 152 688 332 569 75 498 427 158 274 892 443 743 620 83 660 524 548 643 354 116 678 337 58 810 855 971 533 880 490 187
368 77 215 413 5 15 617 518 372 776 375 681 938 164 644 490 824 383 468 293 833 1 574 848 7 578 536 687 293 101 128 586 98 865 511 748 794 730 261 663 589 199 561 881 639 100 412 634 282 858 783 454 212 508 821 175 918 623 385 132 124 262 620 904 394 619 875 354 305 778 668 633 476 443 841 969 858 151 48 624 239 550 487 124 311 572 445 1000 224 601 593 750 543 352 605 376 429 956 46 352
539 509 679 210 920 497 422 790 319 912 769 269 466 815 646 309 950 601 479 871 613 78 788 683 842 947 178 639 885 194 197 776 225 97 826 919 196 63 366 134 492 852 227 574 828 661 833 472 270 147 42 894 762 362 734 593 414 203 242 220 235 703 275 20 883 809 55 949 466 705 807 417 976 392 349 910 232 141 231 709 63 525 141 373 306 79 278 490 527 614 114 916 8 960 279 179 682 174 43 883
805 755 591 161 558 712 894 489 874 688 114 706 8 371 97 270 571 563 393 327 605 131 185 560 393 247 722 979 433 211 634 346 53 764 750 63 319 245 742 665 34 832 220 784 677 503 825 342 102 101 873 731 597 513 611 817 990 332 691 987 153 330 127 995 642 694 623 591 255 149 147 501 755 440 884 318 888 363 607 629 883 90 471 124 162 537 441 744 413 652 330 295 619 614 452 96 345 528 591 855
89 321 737 777 346 229 192 718 840 111 948 581 565 243 505 598 15 978 267 642 229 167 292 888 600 2 651 972 413 253 747 590 801 880 290 590 185 437 618 351 922 468 447 9 124 101 943 310 315 83 657 102 569 21 198 702 258 7 455 574 414 478 944 901 473 56 189 656 957 896 444 472 793 925 385 569 442 901 585 639 136 664 356 688 637 656 719 944 867 375 836 872 29 556 508 472 982 834 676 982
144 621 78 56 278 593 204 317 391 467 274 662 156 250 72 747 677 123 677 67 477 994 919 316 513 614 51 324 224 515 759 25 48 137 882 15 245 787 519 1 648 201 690 843 279 814 201 828 285 683 608 25 871 625 601 419 299 468 945 93 388 737 795 984 953 259 995 775 338 474 914 860 130 1000 777 546 913 442 272 203 236 503 390 422 75 881 440 792 291 197 324 852 446 22 938 551 781 68 440 968
136 624 297 701 62 652 605 647 325 633 805 732 210 938 922 297 252 401 332 650 370 541 425 695 881 790 552 582 52 890 76 6 623 995 812 879 105 399 29 130 645 124 1 187 503 546 532 403 445 319 549 442 528 71 636 507 325 990 1000 533 900 85 447 131 668 732 375 199 821 315 535 835 132 824 106 896 627 871 615 392 336 504 819 780 841 542 755 709 46 986 643 544 843 171 525 249 474 38 63 346
456 739 284 458 617 990 301 307 182 564 706 555 606 18 19 960 37 680 616 227 780 934 377 98 909 151 964 184 871 215 252 947 407 978 71 432 165 104 83 959 962 497 344 153 679 557 310 582 70 796 970 723 442 228 916 448 984 917 79 142 935 225 567 437 927 858 797 552 70 498 692 623 852 225 358 804 343 953 210 419 320 790 523 912 976 388 352 72 820 761 339 373 769 127 150 583 743 679 2 342
570 670 784 226 519 564 208 451 467 636 270 619 598 785 556 33 728 300 63 53 51 568 738 79 206 225 974 81 177 82 115 991 2 228 896 190 92 126 100 264 856 738 131 92 202 759 932 203 750 317 566 868 770 433 535 754 795 554 934 69 535 305 216 60 813 517 827 640 698 334 853 870 815 909 835 880 223 589 405 533 3 694 658 451 223 122 654 150 797 223 542 229 522 283 158 42 911 930 7 175
352 112 56 398 523 836 986 837 69 427 346 638 799 676 471 380 581 395 476 690 235 177 496 78 501 677 514 609 7 228 813 385 803 145 312 194 784 390 773 990 89 634 77 903 284 529 41 225 354 661 724 893 413 162 263 278 882 527 541 594 382 437 564 398 132 90 583 228 721 578 751 534 177 219 69 446 599 520 470 757 671 346 767 947 534 523 180 400 886 900 548 884 926 196 892 953 141 727 531 550
882 717 531 589 838 389 477 658 596 782 205 441 349 916 241 896 738 414 745 372 600 996 162 393 401 68 865 407 847 706 124 861 174 233 866 750 825 567 829 614 909 917 854 553 119 756 446 932 401 738 337 524 255 909 375 548 865 798 210 103 250 73 915 216 888 74 686 902 269 923 908 164 35 923 96 665 376 845 404 644 849 27 351 270 580 88 308 993 333 279 117 701 80 861 818 746 683 363 523 509
398 165 73 95 437 891 224 776 489 211 631 297 902 910 643 225 129 137 512 239 744 18 581 312 13 844 552 786 135 40 182 336 146 288 528 875 474 572 780 773 414 463 693 612 162 922 345 117 443 644 878 205 635 521 15 784 114 844 443 4 7 519 317 808 602 505 854 716 606 123 305 823 687 201 845 155 480 751 94 208 329 726 930 456 127 951 415 811 997 980 345 75 930 100 968 113 129 205 872 140
878 42 636 79 260 413 4 205 223 119 634 889 378 783 565 637 92 249 85 928 236 357 399 978 954 250 908 100 305 31 874 791 144 234 242 46 352 675 414 530 557 658 113 562 127 405 562 688 522 693 552 498 543 828 144 141 449 252 572 520 309 358 625 45 732 74 417 166 970 195 98 431 465 703 18 683 906 253 553 175 28 355 722 822 559 305 216 603 862 325 414 305 517 966 498 334 820 528 344 430
291 950 106 372 11 721 703 947 979 575 980 711 157 699 292 6 487 468 97 636 443 518 539 344 931 273 312 355 899 708 427 4 118 297 145 201 38 569 325 482 577 312 733 262 134 246 590 406 277 28 860 63 290 443 993 452 176 924 471 210 945 808 83 658 249 742 993 168 244 381 397 33 378 578 271 11 887 591 240 910 853 992 316 57 595 18 858 671 838 155 394 124 893 164 352 943 90 266 635 540
866 999 648 525 581 916 87 468 970 196 680 886 784 873 328 316 898 57 626 77 797 974 251 183 126 70 825 38 644 673 240 873 506 840 118 782 195 455 45 402 367 589 564 492 417 285 68 641 923 627 544 707 358 677 946 178 743 123 359 822 110 991 395 565 177 656 258 466 72 995 529 920 46 745 240 347 391 335 352 972 666 869 302 338 106 92 271 159 688 684 910 502 112 80 966 595 808 326 429 649
378 996 459 56 873 175 444 179 942 851 153 444 440 209 224 803 829 213 524 953 566 277 143 660 762 384 270 395 790 460 615 113 604 868 672 234 628 659 821 230 153 410 51 593 934 798 276 154 21 374 561 458 638 548 231 50 330 224 279 74 91 964 469 542 371 882 446 968 559 55 653 159 439 5 952 18 881 191 815 396 856 623 983 351 236 740 919 481 438 820 528 484 883 190 359 392 749 964 829 344
246 600 477 638 886 577 351 85 778 328 576 881 271 402 901 116 733 781 836 857 466 498 210 535 122 741 667 804 41 593 63 503 598 616 33 322 946 679 764 828 946 656 206 8 869 147 352 86 697 102 423 922 229 695 186 134 62 259 317 906 620 477 145 767 636 818 477 836 611 748 2 573 46 700 838 340 335 111 166 339 801 448 846 791 560 900 306 401 588 898 772 236 875 594 972 500 712 833 763 132
33 198 423 109 315 366 22 748 102 257 95 678 258 448 399 675 101 809 259 477 787 639 166 810 133 334 946 562 397 96 511 261 255 472 862 613 860 62 958 317 676 156 864 442 596 420 134 635 293 546 452 732 371 680 462 381 518 761 830 431 367 19 922 916 352 608 122 155 121 538 72 601 912 455 283 90 605 306 334 684 6 937 536 70 177 129 873 473 655 103 459 587 24 10 293 965 544 702 679 626
914 873 102 796 613 286 347 861 367 345 252 8 490 681 287 276 168 600 142 542 766 583 496 394 452 256 107 78 92 133 404 147 701 746 635 866 891 27 343 860 84 340 825 228 316 886 858 914 416 171 523 337 680 192 77 592 869 237 289 117 973 260 564 771 152 260 459 581 610 875 993 353 138 415 187 706 3 506 294 314 567 841 545 296 458 721 520 704 570 258 994 52 421 672 403 598 191 737 681 199
530 795 93 988 204 422 933 169 160 585 16 789 611 434 527 646 22 192 289 269 770 74 82 438 794 839 192 36 322 73 586 668 629 27 497 66 347 940 89 97 838 92 328 807 749 742 621 213 164 274 418 381 161 946 197 14 52 96 62 442 501 631 218 781 72 424 199 310 269 858 482 918 377 33 843 106 475 330 78 65 323 786 512 321 606 548 704 143 6 492 223 874 195 655 678 834 623 343 475 812
670 719 951 179 9 777 49 504 677 902 246 309 489 771 104 757 438 978 225 281 287 5 702 344 26 236 662 616 580 115 518 681 219 788 10 718 969 626 938 76 121 36 637 482 205 906 680 344 273 88 584 362 231 948 84 512 8 429 421 967 955 440 357 973 822 664 305 61 126 90 857 291 864 916 117 953 156 467 972 509 752 206 491 523 357 587 222 778 959 184 712 282 550 843 532 221 102 455 110 699
658 393 124 483 200 984 479 372 776 639 927 846 466 513 563 744 493 401 42 207 508 787 405 608 46 496 623 554 707 423 239 518 943 285 399 467 634 285 124 827 200 74 21 724 515 18 779 897 587 561 609 179 387 554 101 208 391 498 643 348 452 119 326 477 408 964 886 783 369 430 450 507 874 169 164 347 108 204 186 644 265 663 77 225 271 557 389 321 236 295 125 88 67 516 578 908 79 659 838 531
124 225 789 306 725 453 577 81 693 113 897 980 648 996 958 223 382 633 179 258 337 843 157 209 387 790 887 597 521 645 823 792 732 250 294 475 590 832 471 792 915 868 175 588 484 892 353 474 354 876 317 222 202 777 702 531 507 110 669 499 875 307 823 995 322 105 554 199 554 569 492 758 946 783 128 510 78 400 748 436 843 552 117 934 703 177 808 769 663 910 524 915 687 236 10 413 17 593 872 86
810 357 962 427 734 242 636 750 132 805 456 33 83 48 223 424 40 623 578 397 813 7 203 304 192 74 906 470 902 338 617 581 534 649 710 533 281 372 113 25 172 464 163 317 969 791 339 109 330 387 995 877 165 773 47 641 168 714 684 388 92 200 397 198 122 937 646 816 262 634 70 115 711 183 875 319 165 651 681 37 399 792 679 114 901 500 505 250 184 607 602 496 804 433 135 72 884 674 80 12
349 784 546 760 106 226 765 871 270 836 193 937 758 834 52 887 118 218 939 190 6 672 982 32 202 228 817 342 977 765 690 565 97 167 286 122 668 163 403 73 700 542 31 914 539 735 26 865 458 341 370 407 495 153 862 463 468 35 211 170 380 547 409 249 257 810 570 605 355 270 115 23 757 294 952 66 552 574 714 871 579 456 70 498 621 484 214 502 406 516 248 290 493 572 36 814 918 945 355 412
353 980 70 384 49 610 584 243 852 892 1000 420 312 676 452 630 75 76 981 86 685 804 506 131 833 957 549 357 104 447 994 219 164 217 778 533 310 285 607 890 303 455 781 812 608 702 811 797 651 871 317 826 703 257 519 315 185 999 721 486 381 31 438 204 33 187 120 900 717 442 963 930 277 578 157 413 966 678 621 114 392 339 539 841 151 653 659 658 469 415 294 712 498 503 600 659 753 405 570 81
331 59 105 994 131 913 621 817 639 465 928 123 228 848 372 953 286 204 807 23 704 557 786 672 626 991 952 666 170 647 690 558 411 7 327 302 912 634 550 586 909 538 104 128 155 339 423 726 940 809 299 149 617 766 834 121 267 542 170 473 907 520 177 496 866 95 2 51 709 271 858 9 858 307 545 251 179 147 325 982 980 912 138 33 907 131 303 652 304 366 908 91 507 71 68 71 156 258 453 277
583 555 500 990 514 329 732 205 27 218 734 885 941 206 13 892 87 696 163 428 123 627 311 692 463 824 807 952 412 760 956 901 116 578 300 777 897 875 92 876 102 400 762 846 660 476 18 123 957 135 217 733 951 10 579 664 442 984 771 47 388 578 606 995 665 816 852 782 818 446 877 176 414 87 460 492 101 348 828 478 314 615 958 582 808 468 53 631 457 262 421 81 863 513 158 117 698 651 235 109
469 129 416 959 35 730 973 109 185 436 784 300 129 581 944 72 1000 247 272 534 448 463 12 99 626 26 588 395 222 273 202 333 79 214 968 566 262 177 869 143 654 459 754 285 893 824 20 637 695 298 626 194 587 767 336 184 216 561 903 604 525 89 165 744 178 339 766 135 123 195 983 784 475 755 513 243 114 611 675 203 560 389 47 635 72 561 688 429 262 895 85 612 769 671 594 856 489 443 36 647
667 267 394 620 588 766 592 897 850 28 900 14 182 460 233 739 29 643 926 716 633 996 676 658 522 282 493 379 733 89 941 368 911 739 642 217 186 842 30 87 595 82 603 667 13 541 834 429 510 976 210 601 526 201 375 90 142 94 480 990 204 962 446 546 36 774 490 765 750 486 455 550 139 454 140 355 254 882 308 729 912 365 313 103 632 905 7 71 860 384 689 103 741 701 690 96 711 190 374 185
734 448 814 708 709 119 995 316 254 676 60 874 817 449 575 727 733 639 895 140 490 317 192 56 284 327 807 70 856 189 573 546 785 25 590 341 73 824 285 806 712 204 724 301 449 676 469 779 759 975 789 277 692 648 969 462 777 942 461 285 813 820 37 7 650 150 76 283 776 608 21 416 367 125 931 328 648 839 421 87 639 298 561 207 919 174 129 183 573 727 22 111 240 474 339 779 245 672 504 61
110 314 284 393 132 489 613 457 401 221 744 152 865 751 36 528 702 8 781 725 17 433 196 117 408 502 214 961 232 955 138 804 985 834 297 615 480 427 893 601 242 358 941 326 65 460 970 580 10 917 145 167 713 938 679 173 2 645 32 584 589 8 323 79 916 67 725 925 251 39 255 858 609 493 267 793 925 547 745 420 849 256 397 730 774 446 373 498 242 731 605 70 441 143 120 786 519 895 868 992
284 962 74 460 73 185 264 754 714 406 10 889 326 507 438 295 260 150 834 314 668 943 505 947 376 154 552 883 453 239 394 760 914 956 358 473 911 625 253 319 239 400 978 83 977 401 942 67 353 462 581 289 312 767 326 610 534 347 394 870 849 179 590 950 206 35 527 221 614 856 120 384 419 427 985 654 381 888 474 131 470 529 344 897 621 648 265 720 349 638 485 801 887 43 661 619 847 254 343 844
669 937 722 45 953 446 12 161 956 378 60 766 363 882 643 417 221 532 303 51 592 19 124 518 626 870 965 548 993 599 571 888 518 406 612 558 720 179 157 494 681 596 32 798 705 47 509 999 664 399 168 715 853 408 57 470 447 400 198 441 692 198 921 269 695 364 624 582 241 553 280 759 677 564 178 564 802 986 486 359 175 189 780 854 457 262 560 698 828 951 679 38 890 551 892 486 233 788 579 595
811 153 869 277 788 644 42 608 238 42 378 245 766 789 519 166 144 631 26 943 179 307 589 657 155 122 528 603 388 611 813 839 227 711 593 289 256 333 634 750 135 246 353 930 798 737 282 667 100 381 737 663 185 560 895 108 146 308 275 150 263 750 125 635 268 182 928 862 29 666 97 813 577 365 409 824 702 904 542 984 205 232 430 453 961 410 819 420 730 741 995 831 432 490 396 23 389 202 305 717
358 36 467 36 236 299 585 977 132 875 182 260 105 991 243 26 530 639 641 660 881 621 822 391 886 991 300 611 71 116 957 199 573 993 146 800 547 384 165 583 763 946 57 968 776 158 542 789 210 662 815 701 824 511 478 84 475 315 420 254 901 323 635 922 779 716 871 372 318 536 414 761 731 584 109 422 822 745 160 769 136 8 357 318 287 213 731 332 58 236 224 724 257 503 465 872 166 533 352 894
173 767 421 407 333 238 283 590 786 334 421 333 172 468 75 19 904 211 270 109 885 711 374 963 148 940 207 101 562 354 389 157 615 274 78 501 794 674 486 608 493 560 401 700 242 646 489 808 544 815 179 565 45 532 795 341 426 406 811 944 13 994 880 457 63 226 229 54 800 829 860 837 298 36 877 614 708 703 880 532 169 155 833 520 585 724 157 943 977 401 546 694 138 746 24 531 932 28 454 836
685 744 126 893 54 382 694 459 203 481 268 417 789 98 387 759 673 923 377 932 111 936 126 40 913 555 257 745 632 226 417 375 432 422 15 585 269 761 862 93 57 129 33 632 639 899 680 671 716 88 410 804 440 737 351 920 762 113 166 103 887 48 909 673 247 779 534 898 1 204 410 903 406 664 608 138 873 273 673 446 377 345 817 407 544 733 41 661 539 682 321 904 768 864 752 335 634 733 456 284
520 140 241 578 574 261 443 21 590 866 518 231 615 708 856 235 374 858 902 81 816 153 989 667 38 752 685 22 983 399 815 219 424 396 887 426 466 776 275 800 636 120 381 301 487 238 361 93 304 667 722 663 827 471 58 479 428 374 209 885 718 652 11 687 438 717 709 465 370 705 734 211 579 456 461 354 558 403 664 430 886 846 537 498 411 967 32 769 629 882 37 134 970 0 985 154 131 136 869 752
237 754 414 840 212 637 671 584 255 143 934 971 350 416 570 950 700 739 988 573 49 894 710 396 111 549 397 83 654 660 420 762 382 909 361 338 269 966 185 981 717 241 768 885 147 968 699 552 896 354 927 285 190 55 171 123 296 866 519 665 45 527 260 86 798 661 764 284 914 359 641 606 851 668 494 973 391 966 802 296 282 914 430 913 349 299 547 216 103 463 585 422 907 361 84 456 171 47 82 632
977 105 192 679 738 132 455 494 79 130 367 809 927 782 804 743 917 747 198 961 685 866 597 61 388 896 385 205 451 726 526 920 696 958 510 460 293 642 297 44 782 578 329 617 117 332 442 404 71 833 985 226 385 363 620 752 463 46 125 761 143 737 669 3 844 516 897 121 445 966 676 418 321 960 838 406 367 462 895 703 839 295 317 84 731 259 810 784 172 588 791 279 806 970 898 469 727 890 334 568
641 570 235 442 876 496 345 454 526 473 341 918 532 449 120 443 415 481 179 619 431 698 574 310 496 762 745 792 1 591 664 634 455 129 387 752 673 637 952 52 714 889 233 334 456 230 498 31 835 890 436 86 574 151 918 17 907 4 797 387 769 679 599 681 487 997 248 759 470 148 735 959 886 236 213 953 864 172 505 489 311 128 556 324 604 842 717 811 877 927 723 24 120 888 907 101 55 398 696 886
226 278 187 489 176 508 540 354 890 77 255 293 866 296 815 580 887 940 871 673 565 631 641 896 488 867 153 844 790 291 796 191 585 899 339 94 121 879 233 34 997 705 225 306 221 336 165 66 845 243 427 923 472 899 222 282 904 786 717 4 880 232 121 609 209 30 433 475 147 376 328 921 352 135 869 394 53 944 914 203 647 928 14 967 671 528 519 350 389 813 50 418 519 543 394 548 960 736 622 991
448 314 662 492 958 331 360 445 681 393 75 914 809 483 65 401 319 641 759 748 542 195 291 653 91 635 48 28 374 838 959 492 126 306 110 706 686 278 428 299 406 58 999 14 877 125 881 592 334 966 324 125 639 144 968 287 68 706 761 910 749 482 948 856 283 877 830 219 366 172 920 535 64 708 290 26 474 182 37 577 333 956 934 296 501 534 654 377 140 754 291 136 692 150 109 97 580 437 891 178
754 889 378 99 982 85 801 243 444 164 228 224 739 22 76 230 684 261 818 964 125 490 502 728 419 183 470 553 770 475 818 777 820 865 213 795 928 889 120 694 648 426 231 728 225 143 966 321 295 734 613 538 249 52 396 788 449 153 980 806 920 85 150 833 576 821 404 437 684 127 823 171 239 385 1 489 877 220 282 18 606 702 393 950 614 132 865 84 357 301 643 676 982 507 592 451 93 40 729 278
167 925 8 804 480 454 655 887 758 393 422 972 196 679 710 940 249 140 831 587 922 866 567 816 838 612 878 78 44 480 208 556 925 415 809 931 524 992 958 508 878 517 103 432 754 870 279 448 279 652 890 565 852 503 808 965 842 476 79 888 825 539 563 302 657 705 742 487 599 616 105 502 819 282 212 208 544 373 571 70 295 480 36 646 938 361 510 734 214 43 85 240 742 323 548 427 261 283 334 322
334 121 231 781 514 21 416 940 706 419 747 52 224 643 243 59 924 314 617 534 860 898 906 860 936 357 766 462 420 522 47 811 237 838 268 402 997 637 470 130 911 219 78 217 471 63 12 525 255 19 492 621 588 410 687 538 666 169 925 650 910 247 468 847 154 608 257 745 992 285 282 311 362 204 340 436 655 603 783 88 897 97 450 591 545 941 504 951 632 467 530 183 367 662 821 280 499 609 545 23
184 159 940 262 652 573 929 976 205 72 311 114 762 962 160 700 971 478 995 891 634 570 110 843 369 106 435 614 994 968 269 447 481 470 266 378 649 620 204 195 246 400 928 99 405 286 494 764 654 879 862 406 123 832 74 772 798 448 839 25 666 252 271 816 946 276 423 523 643 486 980 330 747 869 410 151 594 6 643 492 249 98 28 975 886 499 653 150 495 96 494 317 894 321 52 200 780 77 232 240
643 74 974 161 781 220 455 480 607 384 124 36 558 865 965 705 429 347 749 370 937 936 515 905 123 716 765 997 738 752 3 471 796 385 677 411 770 774 917 885 74 159 361 260 494 687 615 560 780 962 44 670 844 970 0 625 552 653 820 885 131 903 763 639 134 222 831 412 817 463 975 123 89 932 234 590 887 690 598 844 618 612 833 213 811 979 118 23 220 635 908 549 342 499 138 876 703 146 981 671
509 755 40 312 797 560 751 46 935 933 547 766 390 890 270 196 396 358 185 86 975 292 22 758 803 914 461 537 14 542 187 474 957 584 70 966 483 871 889 584 281 945 472 952 148 713 291 857 258 132 49 655 912 32 516 348 844 20 908 376 496 84 889 463 975 366 155 628 602 230 387 328 945 117 448 877 750 332 868 503 25 124 231 692 713 586 569 984 549 385 235 694 32 566 771 88 410 221 191 441
989 736 853 123 674 539 520 408 872 315 853 550 113 398 906 382 516 124 661 183 411 749 799 771 127 33 862 735 330 9 685 753 390 327 907 497 598 850 428 887 534 302 235 160 276 999 798 384 768 913 843 962 445 910 994 819 832 506 639 257 179 594 731 378 212 633 866 105 997 773 225 223 959 736 914 898 274 135 531 992 300 750 887 299 341 739 144 986 1000 948 668 503 52 154 861 40 245 940 13 908
291 191 938 176 962 53 886 87 411 869 813 919 534 94 355 212 838 761 515 11 548 885 322 398 680 545 474 464 535 276 706 647 850 534 142 388 754 640 316 698 893 414 542 528 7 231 170 269 371 621 519 36 92 828 583 699 465 134 593 345 783 339 456 994 9 229 722 690 177 460 977 9 656 951 595 221 927 786 749 549 327 676 297 67 236 6 686 705 625 329 358 514 341 434 615 854 367 933 309 715
997 203 7 210 507 561 680 33 283 984 53 521 259 679 562 252 130 164 772 566 984 72 1000 121 668 335 814 547 3 292 68 834 523 144 197 684 778 162 112 638 167 966 698 123 948 375 122 78 859 437 842 534 259 884 689 255 376 182 143 710 872 717 929 344 995 342 445 456 312 184 346 307 678 366 895 838 873 959 912 910 169 259 639 585 629 905 818 339 500 199 863 743 756 129 847 886 380 627 669 889
491 140 499 524 692 406 214 58 538 810 211 128 780 316 3 993 775 842 752 514 985 444 869 689 373 589 379 737 838 97 413 575 67 496 488 937 670 895 950 120 680 958 565 927 376 655 442 337 981 594 13 492 243 562 972 193 748 660 118 115 150 300 219 363 497 597 302 26 86 783 390 341 535 974 250 950 374 231 99 786 248 438 562 531 770 775 249 112 828 640 363 722 272 264 101 729 593 802 55 909
755 418 226 793 619 815 206 339 244 922 414 417 230 482 420 982 200 346 308 372 99 856 267 137 11 115 135 247 493 975 771 755 913 974 478 916 805 551 697 637 134 899 397 580 736 888 485 858 604 434 198 227 863 502 2 639 207 308 631 301 448 50 967 651 314 171 482 343 361 222 556 770 361 168 218 616 734 43 813 524 595 963 254 338 111 408 0 705 120 397 40 710 851 336 878 484 38 574 860 879
901 952 38 455 819 289 565 768 529 756 431 346 58 642 607 924 984 631 523 233 993 842 594 820 111 716 721 937 171 946 783 890 854 15 84 750 89 367 231 751 389 145 149 204 769 323 285 940 990 71 81 223 388 0 589 158 989 3 215 978 756 799 592 343 122 38 798 780 254 984 89 982 482 112 724 746 717 801 928 449 420 304 959 954 70 762 493 448 216 23 591 467 373 841 31 249 292 377 211 792
486 90 840 461 105 578 736 278 854 959 231 623 299 490 182 316 356 588 93 187 136 466 98 84 511 768 526 958 544 776 709 751 403 148 772 329 557 53 211 853 304 980 863 908 967 441 530 617 934 126 132 755 410 156 77 786 902 587 379 588 434 203 179 36 830 302 569 972 27 160 166 382 643 421 100 235 541 454 768 870 676 8 228 232 478 170 381 169 174 879 705 828 615 36 635 674 10 592 620 750
790 777 671 94 298 836 861 399 679 682 204 629 720 515 827 361 812 84 881 849 851 604 595 792 559 769 161 3 391 170 917 496 852 737 544 252 583 629 393 304 376 503 32 73 520 116 508 217 599 728 259 433 754 695 705 878 716 406 383 454 451 654 355 711 748 564 695 995 453 782 881 852 694 815 676 872 86 55 329 409 438 931 507 333 740 946 319 197 867 324 220 633 417 855 180 613 507 820 582 330
424 186 325 615 44 332 82 59 980 159 904 605 567 474 4 357 306 94 424 791 159 287 296 291 976 421 593 176 342 251 388 678 251 298 195 932 566 869 626 243 104 641 816 512 478 572 464 740 161 729 595 115 279 533 262 496 366 709 594 364 11 113 452 700 271 427 365 784 441 867 573 581 485 275 402 717 749 767 994 561 250 1000 346 212 353 97 838 265 262 769 204 384 893 270 893 806 660 562 164 550
999 528 626 778 66 407 415 445 38 919 718 933 6 163 510 483 380 361 533 445 575 601 307 172 933 246 185 614 691 896 609 230 757 962 807 23 430 346 474 254 905 148 833 854 810 305 789 294 948 836 348 360 200 113 958 970 187 748 688 986 734 371 260 101 97 996 549 477 303 496 974 416 579 224 658 321 436 446 717 397 917 157 657 670 743 276 222 334 771 215 742 759 710 994 717 216 254 866 604 541
896 504 164 389 536 485 614 481 730 522 324 58 17 508 468 723 48 915 651 279 541 465 28 486 143 544 764 263 497 187 244 135 360 374 976 368 260 729 711 868 714 638 611 751 723 826 112 362 963 138 657 678 267 575 811 689 601 303 582 491 835 87 24 80 278 668 407 751 283 843 820 714 14 857 250 21 650 921 665 152 543 589 676 26 76 804 264 426 939 1000 490 391 765 580 560 327 992 367 363 782
83 673 531 561 709 85 98 928 693 452 670 66 295 530 951 384 634 277 102 9 104 253 728 969 411 762 917 510 790 130 196 810 974 533 177 941 339 634 410 94 64 501 272 515 726 233 301 385 488 480 810 88 750 312 707 708 449 725 412 834 635 520 166 992 226 335 150 585 509 529 148 828 164 557 646 500 572 975 213 114 16 920 233 516 227 45 832 667 38 296 418 796 840 628 823 645 99 217 578 412
