264
1
2
3
4
5
6
7
8
9
10
11
12
13
14
15
16
17
18
19
20
21
22
23
24
25
26
27
28
29
30
31
32
33
34
35
36
37
38
39
40
41
42
43
44
45
46
47
48
49
50
51
52
54
55
56
57
58
60
62
63
64
65
66
68
69
70
72
74
75
76
77
78
80
81
82
84
85
86
87
88
90
91
92
93
94
95
96
98
99
100
102
104
105
108
110
111
112
114
115
116
117
119
120
121
123
124
125
126
128
129
130
132
133
135
136
138
140
141
143
144
145
147
148
150
152
153
154
155
156
160
161
162
164
165
168
169
170
171
172
174
175
176
180
182
184
185
186
187
189
190
192
195
196
198
200
203
204
205
207
208
209
210
215
216
217
220
221
222
224
225
228
230
231
232
234
238
240
242
243
245
246
247
248
250
252
253
255
256
259
260
261
264
266
270
272
273
275
276
279
280
285
286
287
288
289
290
294
296
297
299
300
304
306
308
310
312
315
319
320
322
323
324
325
330
333
336
338
340
341
342
345
348
350
351
352
357
360
361
363
364
368
372
374
375
377
378
380
384
390
391
392
396
399
400
403
405
406
408
414
416
418
420
425
432
