26 88
496 575 617 256 57 580 878 13 93 79 240 809 888 191 998 836 376 893 298 384 746 696 96 857 427 997 900 673 23 232 438 229 719 870 762 767 578 966 243 264 738 459 917 449 672 335 768 630 216 486 940 682 294 763 271 310 795 424 320 130 13 758 936 882 869 225 828 534 472 846 490 817 513 276 112 123 392 530 654 949 873 431 562 830 501 168 321 767
892 507 268 694 122 69 754 664 453 113 410 577 314 355 654 937 955 628 232 308 80 203 536 460 183 785 375 333 450 244 865 594 986 565 683 75 941 352 211 691 848 431 266 769 48 783 900 43 465 369 874 931 8 243 900 940 278 665 84 848 150 702 428 458 895 385 522 88 482 675 574 269 514 107 732 805 83 749 39 51 840 776 134 89 310 750 580 186
163 397 913 565 346 200 966 885 131 33 960 148 347 979 807 82 502 698 45 841 727 872 994 876 449 865 122 700 348 229 881 449 923 96 294 834 642 369 890 3 968 388 126 858 305 954 495 15 511 819 165 62 27 291 18 195 186 767 355 369 714 939 873 529 928 372 189 293 510 239 611 928 775 52 94 997 596 744 132 417 639 986 806 352 655 599 317 508
709 517 839 595 535 856 350 132 677 542 216 663 918 378 281 773 92 644 899 436 334 741 505 936 902 195 612 709 371 674 175 128 296 305 956 433 94 418 396 252 642 226 7 219 855 335 783 935 431 91 210 297 935 972 95 952 225 196 261 589 207 188 170 850 962 978 495 614 290 774 214 702 22 294 804 285 595 324 615 726 357 61 242 623 808 88 640 213
240 550 564 186 34 766 775 19 715 370 588 957 458 418 83 322 540 407 957 761 483 74 855 260 679 579 532 443 545 116 456 565 929 416 170 38 538 565 691 592 363 945 311 541 56 796 375 551 942 467 838 453 311 681 325 881 619 45 505 418 756 497 961 918 11 481 288 550 435 379 651 594 866 41 116 731 719 5 353 665 843 725 874 29 746 760 244 411
555 937 831 144 92 585 855 402 872 76 621 702 553 618 980 945 680 746 627 716 691 367 992 485 732 488 526 604 953 19 674 370 655 966 796 911 227 813 500 393 977 699 935 217 764 963 754 308 973 751 498 896 249 558 340 416 251 655 717 850 977 822 215 149 247 165 613 77 23 313 445 999 872 369 374 826 551 742 186 924 889 976 850 106 988 166 564 120
631 304 814 937 483 127 522 148 535 270 763 975 343 687 105 676 401 735 637 459 902 599 150 229 242 970 559 60 986 561 733 450 403 555 34 33 391 83 137 43 429 868 31 253 53 129 941 296 595 772 72 995 352 809 238 385 257 374 811 553 461 348 803 466 336 960 681 512 15 139 53 61 370 865 496 858 985 324 612 340 483 300 539 620 227 718 31 289
872 470 31 210 722 374 872 409 207 800 685 626 740 491 754 582 697 848 921 277 71 553 469 929 948 792 425 846 785 932 839 251 339 240 869 129 706 299 103 927 546 567 304 801 421 360 535 89 850 934 456 352 768 23 907 528 431 842 427 354 934 458 706 945 386 76 623 917 468 42 93 455 146 610 293 809 839 676 521 327 685 355 934 116 784 792 155 241
143 19 187 557 274 593 214 537 975 151 40 87 716 875 572 654 630 878 578 5 73 3 195 715 69 236 984 677 194 148 431 566 663 746 536 476 57 771 546 34 940 249 381 14 662 599 468 832 768 825 982 448 281 841 245 190 202 847 354 267 79 214 132 495 494 485 888 332 872 630 336 418 437 918 952 764 475 158 417 24 21 272 737 765 401 475 66 102
673 767 313 724 777 829 848 770 802 45 333 666 710 943 347 140 362 674 986 417 819 717 603 706 756 329 363 841 50 234 55 355 337 452 381 680 286 198 585 113 389 415 577 572 375 763 203 268 587 73 123 127 287 857 441 829 589 233 108 941 549 963 399 461 459 448 1 176 735 463 79 979 25 476 787 303 195 922 363 56 302 838 30 573 1 554 749 571
655 364 428 32 315 57 577 541 363 197 241 391 236 922 989 590 242 808 234 678 749 803 839 410 178 674 141 692 589 46 512 661 11 883 436 163 843 179 355 685 436 471 641 836 882 886 56 510 773 261 833 639 393 611 55 610 187 943 706 121 836 557 237 5 473 489 765 416 345 84 818 560 624 251 802 915 54 269 548 725 246 349 769 831 786 93 485 852
545 17 722 608 582 893 352 822 692 773 548 161 921 111 951 867 754 999 514 581 247 334 368 856 146 467 272 21 342 740 875 597 456 14 932 506 440 76 880 471 491 530 286 962 73 943 188 873 43 370 210 792 146 949 734 608 541 148 408 951 200 667 0 265 369 523 421 178 675 695 166 932 70 479 907 456 589 434 523 171 430 421 606 999 44 458 90 96
629 563 462 296 229 994 648 901 741 113 261 166 532 332 494 292 397 212 156 828 167 367 402 687 471 300 497 819 376 618 181 946 439 491 862 936 854 429 968 946 146 679 535 961 413 60 445 121 597 481 668 397 175 446 216 359 64 836 196 351 515 899 519 516 651 546 513 254 506 351 892 55 494 457 858 922 580 703 456 997 328 956 123 200 370 79 478 762
285 378 228 688 591 234 932 341 817 802 479 92 763 711 550 498 704 456 593 274 386 736 577 217 749 454 81 221 692 922 595 643 645 147 484 435 747 688 60 96 904 806 614 497 825 61 426 358 850 782 801 775 755 9 210 304 705 830 603 54 246 893 111 704 407 846 264 59 25 258 389 464 110 483 20 979 309 156 453 18 528 197 98 384 929 310 808 295
605 520 463 558 808 506 218 61 936 151 91 9 910 981 975 673 994 253 448 666 830 446 152 202 329 530 657 306 929 971 459 523 184 99 163 844 914 294 758 28 539 159 712 121 907 544 888 415 869 343 520 294 577 404 932 8 514 230 937 403 396 961 318 17 574 929 676 878 935 516 934 351 994 959 703 576 991 685 40 581 601 490 128 834 626 794 513 346
31 460 877 81 325 464 276 867 42 815 455 724 188 536 607 785 838 67 46 709 4 490 360 971 734 969 505 163 534 906 259 977 324 824 839 434 555 334 587 881 159 644 153 120 770 836 608 707 380 486 269 251 35 667 344 672 397 83 963 279 0 350 540 154 747 905 896 202 683 834 71 578 572 161 704 682 301 757 406 115 374 20 783 601 109 542 503 643
53 334 647 912 355 886 59 90 450 698 967 232 239 985 686 517 134 675 607 830 162 29 629 848 119 263 408 673 619 262 482 729 770 688 380 126 173 664 361 819 132 485 952 582 943 905 251 274 650 769 172 26 640 480 950 934 103 827 743 925 254 795 560 215 736 91 648 949 85 97 241 682 606 874 76 640 73 84 897 367 715 749 211 65 200 511 731 838
693 709 928 326 244 116 587 147 372 66 154 193 807 631 968 50 798 787 641 780 679 512 909 54 541 440 748 61 792 31 970 350 26 878 904 111 790 876 752 527 913 636 130 20 334 710 393 971 976 584 72 820 779 79 792 212 211 758 76 615 179 5 243 190 783 986 771 969 429 760 191 765 174 332 275 727 680 58 252 669 120 626 807 596 92 894 773 422
381 794 341 666 343 903 267 386 213 922 184 551 3 253 262 985 240 797 879 165 79 492 589 127 525 818 946 342 525 147 515 871 31 255 931 779 499 147 554 198 996 169 238 193 980 239 787 617 949 714 627 561 738 10 758 517 940 437 198 696 931 992 520 730 119 694 233 401 521 160 659 339 403 479 6 496 468 483 692 740 476 717 275 656 360 671 376 172
313 490 525 930 905 277 714 805 210 476 358 322 134 642 66 527 304 107 12 634 531 325 298 637 754 92 405 633 524 421 885 954 780 653 753 714 354 892 525 790 932 637 217 504 811 960 297 30 177 219 372 706 321 404 606 280 637 69 208 209 542 271 652 382 81 888 351 325 495 381 962 351 107 998 742 732 270 434 330 297 414 547 185 189 138 695 326 614
592 205 408 500 598 873 297 935 790 821 582 333 561 911 352 436 852 480 908 70 783 6 17 886 553 604 727 812 384 151 591 697 798 308 833 386 100 124 121 340 334 304 25 565 222 834 926 170 266 607 966 87 385 261 673 42 220 53 769 668 157 564 118 734 32 57 20 667 51 191 656 981 838 786 7 433 741 668 287 966 201 344 190 872 466 332 22 546
339 259 502 674 579 578 496 615 584 9 203 728 913 782 186 323 327 625 768 368 511 794 78 338 352 513 718 727 739 34 430 613 511 612 678 919 139 174 546 394 232 540 397 67 997 541 791 325 838 224 111 1 383 334 17 645 638 143 917 353 129 171 865 607 799 708 110 292 813 435 404 687 79 675 206 963 856 771 899 45 324 65 878 562 91 431 139 850
21 153 290 100 377 70 512 284 620 891 196 170 366 832 813 971 670 290 563 908 778 456 669 976 649 234 894 630 971 716 723 826 850 644 312 351 686 963 9 416 539 719 811 89 994 752 264 304 676 913 544 452 455 697 624 759 882 115 525 945 636 892 165 765 966 58 552 403 443 655 597 965 839 285 745 532 503 325 773 251 948 975 904 629 516 581 284 66
984 491 859 325 955 310 415 708 18 447 881 966 596 425 683 709 727 42 127 479 814 592 753 180 296 616 59 423 412 785 731 380 753 610 315 453 48 41 275 1 729 259 98 660 270 998 835 186 801 430 73 188 688 452 614 744 155 825 37 212 221 985 635 784 72 956 654 1 908 586 717 16 583 861 774 679 590 288 215 297 741 982 113 487 182 191 676 760
352 101 729 486 834 839 823 600 218 620 983 694 565 364 480 624 484 513 438 932 515 308 895 798 286 548 505 671 319 387 356 414 934 392 4 440 730 100 405 5 295 193 511 22 179 703 958 411 360 214 373 397 7 999 506 432 968 22 733 861 319 482 289 246 0 851 767 566 993 991 185 441 805 748 308 831 847 979 158 585 53 388 298 432 8 512 188 400
253 302 660 947 59 189 240 623 3 489 25 567 689 387 173 603 895 788 289 307 168 572 405 208 770 144 416 769 132 971 421 666 798 843 407 140 789 570 437 447 503 661 978 793 74 895 637 458 421 213 887 229 80 290 108 215 499 983 979 517 159 75 947 23 555 618 168 841 921 561 377 497 762 337 18 880 583 805 849 161 387 646 550 715 196 423 828 846
