45 97
86 911 230 158 971 300 825 794 792 362 945 653 0 813 794 377 920 826 431 205 91 458 199 886 421 457 568 770 529 222 431 148 562 753 484 436 939 535 122 2 987 658 747 137 362 250 283 543 225 846 283 25 914 691 236 239 283 771 392 360 134 522 924 881 410 79 232 772 773 324 846 904 21 688 464 860 303 137 741 892 758 152 412 611 347 993 599 539 222 630 349 658 711 338 647 302 343
615 96 316 996 232 534 293 315 738 172 936 484 696 664 936 521 316 521 841 624 353 707 929 248 809 227 65 282 793 914 87 212 779 217 918 320 782 360 333 360 396 135 187 796 347 690 922 874 260 854 404 318 55 243 30 585 469 370 67 76 558 257 196 739 879 655 458 520 100 602 904 570 542 517 103 572 345 186 316 730 661 126 290 766 201 790 619 641 931 681 586 764 369 240 90 163 82
559 796 269 543 136 461 166 123 406 701 202 9 805 621 494 608 753 3 519 247 616 117 369 759 775 322 252 538 777 769 447 805 940 331 847 121 189 343 219 527 401 119 892 257 236 103 409 416 921 299 125 628 216 246 556 696 152 210 944 597 708 917 49 939 588 317 252 303 794 614 895 361 644 428 746 503 139 700 323 80 337 71 337 459 56 555 72 432 765 791 318 97 59 102 293 529 761
101 261 141 193 488 886 434 219 721 698 563 920 371 117 918 522 220 767 644 613 898 507 387 975 457 40 389 92 443 406 86 980 994 23 31 367 163 843 269 796 75 221 340 469 548 813 382 239 628 216 167 692 135 788 915 786 175 787 957 594 438 672 70 565 237 53 958 632 215 31 956 576 380 964 295 479 887 820 716 59 215 417 531 41 55 165 343 301 324 174 493 820 375 682 561 689 881
714 798 669 343 380 361 22 824 62 189 838 380 693 707 523 167 941 178 669 359 596 277 292 52 302 3 840 191 698 740 719 266 299 427 870 524 704 360 268 952 144 34 328 99 670 292 947 902 454 760 661 375 449 924 824 91 750 213 929 123 183 462 273 620 569 795 542 985 802 338 831 665 443 200 501 92 404 189 792 721 10 962 211 451 900 877 233 816 940 14 237 529 63 266 920 504 915
468 317 752 705 270 151 612 811 365 332 489 699 484 30 878 4 963 415 221 318 482 897 745 448 577 513 569 278 378 266 112 354 854 658 191 344 932 682 963 673 116 89 265 309 363 718 690 627 526 932 687 614 157 796 550 955 134 769 397 863 220 218 727 796 836 427 589 341 500 22 233 984 18 639 951 255 949 776 704 923 131 155 447 215 221 283 380 383 548 461 129 258 664 814 270 162 991
528 80 151 638 153 928 76 868 192 117 244 278 708 258 439 421 298 391 830 867 521 91 625 787 247 678 834 223 246 330 483 629 585 395 560 47 511 571 999 9 999 498 367 905 672 302 93 301 660 160 206 849 713 155 376 196 677 603 562 847 902 277 433 546 461 19 247 426 829 88 766 605 404 513 497 335 772 126 249 282 53 766 765 876 164 726 252 293 488 991 216 167 112 677 84 492 513
783 542 656 239 451 614 96 905 280 577 909 804 965 468 549 800 347 1000 564 777 129 703 886 839 325 657 285 717 45 339 260 292 172 761 880 287 719 876 725 895 939 946 549 673 969 19 890 424 336 140 689 185 916 201 268 46 662 844 933 713 514 476 373 608 225 838 706 574 42 772 698 42 625 362 238 504 836 367 730 135 446 944 796 500 575 485 36 355 826 804 702 712 527 339 751 940 381
845 157 251 318 759 785 80 995 167 917 488 572 706 345 556 208 542 240 608 543 197 371 910 459 416 436 182 209 376 65 232 449 569 759 900 307 699 496 113 450 302 786 437 978 667 861 853 51 33 589 393 522 900 89 274 587 28 62 879 322 406 291 812 152 738 48 46 739 368 760 869 554 588 975 986 512 497 357 190 596 880 864 437 168 964 786 253 543 542 190 289 328 937 187 509 866 473
300 597 570 412 966 983 911 437 673 341 633 573 775 587 578 140 254 941 226 726 735 400 100 180 337 275 533 661 826 378 930 389 466 276 202 608 180 489 237 344 637 717 0 561 121 706 689 356 940 981 124 538 580 524 902 778 965 108 854 357 575 464 530 56 293 396 49 910 504 252 37 427 225 649 751 648 900 820 567 261 598 662 625 471 403 424 397 604 770 460 593 975 208 495 93 437 140
296 34 947 851 748 874 513 213 484 788 298 519 565 717 388 637 412 785 208 646 631 464 805 876 577 464 943 485 47 481 764 215 516 514 376 904 424 83 444 430 686 163 741 139 625 884 498 41 593 275 379 345 888 468 358 870 479 444 230 378 121 603 680 787 23 148 539 766 773 844 59 784 203 848 239 916 207 513 44 783 568 21 981 601 431 136 336 679 558 294 554 998 733 307 451 844 620
110 357 926 313 84 30 522 141 582 241 876 456 423 707 2 499 652 336 973 398 814 252 214 909 736 462 272 429 456 592 641 965 169 301 366 880 596 983 301 427 130 291 373 267 118 881 835 112 569 909 808 235 382 211 542 761 55 516 521 8 196 25 921 279 795 749 853 442 667 917 141 737 234 852 244 735 458 624 932 437 241 101 633 195 396 627 522 542 772 724 253 431 421 419 335 637 836
955 673 16 150 104 950 846 27 405 296 380 577 77 145 415 552 931 192 43 648 600 727 514 258 610 36 204 648 521 927 603 693 189 73 154 450 407 72 604 397 165 673 250 24 57 397 510 685 55 320 382 344 68 996 354 418 308 940 863 719 758 732 133 350 942 631 476 4 306 956 31 648 598 933 561 683 888 81 878 843 451 39 135 175 796 276 456 564 671 998 63 136 204 211 862 687 750
699 688 90 899 84 420 880 498 379 137 898 474 34 890 263 521 845 789 752 651 927 29 725 396 546 422 910 119 494 620 790 865 475 877 173 230 169 858 444 156 799 90 246 616 591 103 297 160 652 10 100 892 856 677 468 579 110 486 975 182 918 127 480 942 847 678 373 573 989 252 326 552 999 432 209 107 792 178 103 494 628 741 295 120 815 392 915 259 490 591 422 896 531 441 760 629 840
25 322 978 28 875 99 190 579 191 310 150 717 859 401 468 377 348 828 866 835 41 498 7 146 947 991 217 654 501 933 559 410 391 493 686 706 228 932 632 304 966 26 940 411 517 673 979 242 547 741 360 198 399 165 681 269 620 210 150 110 845 956 102 662 751 958 280 609 97 779 307 220 690 395 479 6 535 211 403 38 23 737 31 798 625 982 43 121 942 450 318 809 913 451 834 955 141
58 788 861 538 276 306 991 75 292 961 756 407 67 564 211 335 22 965 544 793 821 868 462 368 895 121 923 859 898 659 518 226 960 111 120 533 933 627 537 391 39 372 872 581 157 270 113 848 779 209 644 506 227 380 331 390 743 326 898 571 852 132 566 608 453 106 548 251 432 703 788 962 82 833 523 121 570 52 399 930 810 702 619 254 567 854 207 201 190 788 262 100 725 60 923 26 376
323 494 296 540 989 151 114 275 130 533 878 42 711 706 811 963 469 19 211 383 947 683 862 775 290 897 158 910 501 213 407 691 990 681 479 339 83 609 172 556 159 412 226 638 126 351 458 904 159 603 899 561 568 671 296 820 218 792 21 80 152 507 612 798 722 343 121 852 197 706 911 81 729 465 871 408 200 567 354 103 152 489 330 387 948 200 438 709 651 811 817 144 36 824 13 858 200
5 803 443 849 684 263 134 926 924 525 924 56 592 222 656 606 90 580 519 704 61 934 553 667 946 40 442 287 545 774 622 548 321 940 236 1 819 346 250 336 635 797 443 815 839 8 842 936 966 206 433 334 959 474 611 387 163 564 750 831 557 112 336 379 366 821 918 645 619 740 980 130 439 812 184 352 600 696 898 9 576 786 483 557 183 237 582 771 164 700 473 790 667 417 818 88 4
241 84 114 894 785 692 691 652 418 30 472 305 272 933 145 891 94 387 385 293 930 793 365 30 370 616 874 209 287 256 871 947 44 768 353 302 110 883 246 872 585 382 565 784 546 509 666 297 617 823 507 985 34 332 44 69 960 503 537 89 471 559 317 712 805 496 799 240 822 213 842 162 405 533 718 983 715 274 744 197 455 405 19 962 42 690 327 203 106 410 464 91 294 881 413 997 743
823 834 434 442 730 74 517 959 201 390 232 173 585 851 354 833 295 317 407 889 448 367 757 196 731 340 243 132 383 344 920 835 30 349 344 199 905 539 678 394 890 356 756 626 876 582 102 431 816 697 503 437 524 458 480 773 60 954 584 906 348 187 540 232 451 141 415 560 86 356 164 287 232 82 86 575 4 958 921 163 686 387 879 111 309 562 219 268 165 676 158 7 285 451 552 984 789
529 520 991 78 959 669 734 487 675 890 421 40 64 78 897 965 488 942 567 236 158 122 369 449 8 485 951 765 835 257 259 395 869 272 455 584 98 254 477 25 647 410 110 971 98 443 644 160 665 455 575 304 39 873 746 126 157 943 127 799 222 857 509 838 438 271 594 949 492 168 13 722 710 898 301 274 554 874 491 253 360 608 817 168 0 609 513 595 506 173 771 478 419 801 127 882 690
7 945 664 788 374 523 117 782 367 999 597 7 633 769 371 599 783 21 436 365 580 127 890 108 624 622 861 281 613 279 306 252 927 698 584 693 473 128 479 931 744 261 218 745 706 36 134 333 994 645 146 247 323 85 885 18 961 656 19 978 757 620 297 692 65 164 731 420 954 595 479 846 465 447 976 392 958 300 585 658 463 881 447 156 954 537 339 328 856 205 44 263 158 321 41 628 705
117 814 532 904 628 90 260 944 911 403 361 753 657 306 443 495 527 150 827 148 217 858 109 486 141 292 643 737 836 912 690 595 908 505 561 296 731 845 26 640 930 992 160 719 265 772 819 481 501 327 319 770 232 912 374 848 72 37 474 687 987 232 756 883 982 22 881 658 653 721 314 997 252 125 372 736 966 554 223 968 334 102 931 789 706 456 730 677 361 522 345 17 400 634 333 306 578
570 358 980 596 307 230 444 705 165 237 385 220 61 95 340 504 82 796 954 250 643 478 604 159 263 943 497 793 841 688 711 350 216 226 36 888 344 723 182 730 184 93 469 558 172 581 697 422 306 740 113 329 31 670 152 119 992 400 337 458 577 338 899 166 261 311 566 124 112 184 429 153 624 711 521 794 746 259 723 716 297 199 765 900 960 746 457 886 134 616 517 603 457 307 734 313 659
7 142 105 574 597 601 472 915 239 386 138 507 124 865 786 228 961 558 938 202 349 721 399 966 437 998 279 360 435 200 639 752 746 769 120 343 5 489 926 169 246 271 172 267 280 777 509 984 709 482 938 563 610 945 327 424 878 567 73 427 121 238 2 475 238 18 444 883 94 438 563 78 938 1 615 985 195 921 375 780 401 248 610 494 637 390 276 63 448 267 859 364 71 0 619 397 806
491 574 388 149 471 820 91 870 441 964 1 819 688 820 614 693 967 466 761 729 16 668 767 274 867 919 390 928 353 537 987 791 366 870 350 711 157 61 435 327 359 391 810 728 198 788 727 563 244 454 799 651 259 655 105 567 259 679 407 440 340 855 361 159 126 352 636 993 905 843 941 923 527 675 468 827 610 640 121 689 40 636 130 600 616 905 642 885 78 581 491 908 339 17 928 769 977
288 110 860 989 742 719 893 885 989 75 990 895 284 656 775 267 676 247 810 681 581 12 579 556 76 88 475 186 585 742 762 598 214 556 80 772 550 948 444 939 417 817 576 902 576 160 112 588 695 688 133 113 903 646 508 586 32 375 454 225 801 3 867 291 555 804 935 519 402 736 660 366 419 382 734 390 708 535 400 653 916 440 403 70 886 428 617 486 545 541 44 335 397 28 956 444 491
474 856 848 887 334 210 881 88 336 645 527 112 257 464 780 928 468 346 109 119 79 566 831 845 941 407 635 336 735 452 162 285 703 807 95 619 883 386 277 353 479 97 211 417 693 570 300 712 90 557 154 965 539 446 972 22 312 22 166 124 155 601 770 636 185 690 928 749 123 38 664 65 473 630 71 154 232 637 641 165 402 335 268 262 1000 70 920 207 184 737 812 43 84 984 777 467 790
351 567 977 714 597 360 95 279 523 61 976 749 19 161 59 177 274 697 892 707 311 722 199 343 14 632 178 38 261 865 914 961 143 634 671 367 522 185 396 44 217 50 620 501 522 498 182 811 574 343 168 887 57 325 154 788 479 988 620 993 794 191 433 254 552 537 425 983 237 344 378 723 198 930 865 672 127 275 486 430 861 203 797 273 764 785 343 767 284 613 593 400 104 554 494 864 530
489 852 422 567 706 103 108 905 320 514 32 715 12 370 123 732 472 857 375 472 888 124 52 783 941 998 474 282 342 624 899 657 501 449 374 489 680 639 643 129 114 776 181 905 789 549 876 193 742 760 662 966 583 524 450 702 760 270 680 935 729 119 666 957 569 998 638 730 796 530 84 202 998 128 426 170 403 427 81 55 744 81 244 616 290 643 97 316 515 259 455 996 182 407 544 275 768
347 246 715 870 664 19 116 37 27 338 871 532 205 931 917 629 964 264 749 693 285 152 56 309 809 868 15 543 146 13 110 733 190 555 768 339 723 89 989 332 200 92 996 772 423 512 791 335 93 60 945 354 424 251 943 30 366 256 595 90 921 663 685 305 694 798 361 974 942 519 912 104 846 97 827 191 541 99 633 642 496 836 309 36 264 608 860 390 591 882 940 338 201 193 1000 804 267
54 823 566 771 599 242 779 263 797 189 416 960 160 654 544 35 90 677 223 138 334 495 953 925 36 87 682 504 490 701 513 943 757 434 400 914 843 107 58 861 751 192 275 840 156 870 556 974 89 254 198 10 11 570 758 378 384 84 444 369 682 42 888 540 708 574 33 889 483 249 959 657 376 662 306 837 386 405 696 236 954 429 643 732 352 679 387 755 985 716 851 384 572 524 282 495 81
873 958 37 646 837 311 167 940 453 970 539 447 41 578 189 700 0 311 908 80 477 489 705 178 236 188 938 523 30 856 250 707 583 682 292 342 797 406 410 58 512 243 299 527 614 170 838 67 676 845 735 240 404 739 123 295 890 808 187 725 70 548 765 566 175 171 636 265 666 133 426 14 516 188 836 151 720 970 889 282 663 60 461 625 849 639 553 317 742 1000 817 657 541 358 826 506 456
586 433 252 363 302 403 401 503 873 235 990 871 79 97 222 540 677 357 948 61 595 539 274 918 416 95 40 47 270 408 311 691 802 812 647 217 904 384 514 689 195 102 126 365 703 954 698 64 889 606 531 205 468 828 895 913 112 121 205 436 844 186 218 483 446 725 633 952 930 30 766 810 684 273 840 226 302 243 106 19 91 639 793 697 926 445 94 932 244 341 624 434 372 296 182 329 937
616 916 980 3 828 223 883 887 273 10 372 864 953 123 15 913 222 722 380 109 786 691 922 827 433 195 259 185 838 962 31 669 1000 524 811 699 966 32 725 423 131 806 174 922 764 798 318 598 81 80 368 810 176 743 8 57 449 901 27 877 74 430 694 427 712 296 625 603 874 717 361 949 554 604 98 220 171 118 170 741 50 363 645 408 68 185 389 895 95 75 753 705 720 237 194 938 319
238 566 760 909 373 553 387 800 268 184 573 200 374 684 119 573 852 481 716 494 548 179 169 816 811 384 527 122 685 716 823 557 240 361 473 459 117 317 221 888 982 614 779 766 378 147 328 911 676 469 501 48 983 648 719 460 281 715 341 309 748 721 282 659 235 335 183 816 285 474 917 568 33 662 108 670 556 744 145 556 36 367 912 384 359 539 79 624 202 354 624 641 663 481 582 528 788
547 467 164 720 490 83 140 867 953 60 426 128 618 163 394 293 324 977 846 286 480 33 329 833 267 277 837 926 962 110 417 98 391 343 635 353 593 851 907 693 878 172 951 929 881 749 485 737 156 683 444 295 25 157 442 872 346 36 631 763 477 854 476 83 292 945 864 504 105 972 470 205 398 21 213 167 197 513 824 225 147 685 2 548 782 644 605 512 270 503 403 837 189 438 784 397 128
710 235 367 649 314 657 405 83 881 705 666 175 32 699 535 369 40 761 628 310 263 980 945 83 103 827 242 505 219 480 829 442 103 319 697 348 916 983 691 826 344 990 655 305 460 893 997 677 505 32 793 283 426 954 922 822 288 419 312 944 1 707 820 736 622 990 616 913 182 510 107 358 690 797 595 487 466 251 247 153 857 214 758 180 655 364 932 482 34 39 967 144 254 630 711 952 23
53 822 617 600 641 193 205 893 720 385 49 680 160 593 528 851 938 728 919 435 988 128 346 968 262 393 96 162 279 431 599 998 244 857 733 28 907 830 500 923 595 771 934 325 789 689 200 583 629 200 937 150 256 412 964 414 356 206 802 931 6 335 138 728 248 671 980 617 669 790 226 825 37 166 254 300 304 467 978 989 605 697 680 90 253 724 503 797 162 207 729 384 23 682 571 49 998
212 643 123 437 710 30 207 692 189 418 537 105 594 395 546 485 184 188 581 922 808 510 547 367 903 70 317 623 955 598 303 871 979 564 880 959 708 145 487 52 299 670 981 588 166 721 322 33 64 621 369 586 921 182 329 102 58 941 848 986 629 65 476 436 295 233 629 39 333 656 320 411 55 752 481 648 493 958 259 506 221 523 752 127 655 368 802 661 212 374 401 334 172 892 119 579 778
265 631 712 441 427 68 592 616 173 653 301 629 874 568 897 477 558 15 707 29 262 757 398 617 730 245 671 825 729 811 375 280 861 641 256 13 498 442 837 985 104 738 499 207 50 342 30 853 605 959 845 487 15 746 360 277 380 185 731 633 443 840 850 429 691 984 31 747 213 740 567 863 470 974 487 33 90 361 493 604 279 414 824 366 589 516 826 336 339 520 414 962 830 100 73 755 552
709 477 652 79 426 755 112 152 277 483 39 191 295 963 487 749 470 518 295 843 317 680 162 629 113 997 802 74 966 613 783 670 757 696 808 526 44 963 753 301 358 138 692 558 364 986 822 291 106 227 285 11 573 521 660 353 11 198 250 111 814 393 574 445 42 977 26 463 795 672 319 513 141 135 752 699 816 297 713 209 950 801 108 952 865 534 407 457 174 709 783 757 25 303 993 250 789
118 621 811 212 432 628 69 250 685 116 670 312 146 428 868 537 911 879 158 143 714 408 1000 921 517 77 815 461 751 260 123 631 322 528 927 343 848 726 404 932 530 82 101 127 608 651 884 774 546 507 189 395 699 459 217 249 68 638 469 945 339 34 376 649 801 852 360 737 991 556 487 212 369 67 717 881 134 814 262 1 261 501 458 153 723 575 642 493 985 820 987 939 268 281 297 797 264
76 145 457 741 291 981 950 270 922 187 523 723 352 381 295 872 669 727 775 642 173 982 301 170 803 312 907 707 372 568 177 595 134 328 531 685 901 982 660 885 152 615 963 843 380 843 235 1000 381 305 181 771 109 162 879 949 343 893 857 575 144 914 329 375 323 646 796 583 770 251 460 335 359 503 159 139 280 496 694 444 967 633 508 708 850 434 492 83 257 697 353 759 936 539 593 85 539
619 422 757 956 336 180 217 719 372 541 212 934 769 690 855 680 862 455 756 869 925 608 486 527 859 411 659 596 59 951 467 573 831 456 905 779 399 674 665 397 244 60 391 27 265 258 79 621 290 785 855 264 279 365 410 575 370 148 410 85 479 250 540 881 814 701 306 223 171 272 820 228 135 264 355 764 38 866 593 572 277 498 125 72 830 612 485 436 605 558 582 805 542 752 11 358 726
