100
-1973 4768 7766 -2862 29
-5350 2525 -1347 -1114 94
-6373 4329 8611 -6744 71
-1118 -5891 -8539 -1026 26
269 5875 2512 1202 39
1135 957 -5428 -1521 18
5447 2266 -1319 -1188 31
-9452 596 6115 -6602 98
-6567 -5512 -9576 6221 5
-4529 7305 800 3096 29
-9308 -2305 -8204 -4869 23
783 -5565 -8084 -2007 78
9605 6518 2184 2516 69
-5947 -989 -1332 8487 56
-4567 -9245 -9360 9836 28
-5359 -8621 1792 4201 28
792 320 -710 6009 93
1907 -8141 8377 -5484 60
2179 -1263 -9823 -7562 89
4093 6822 5617 -8743 64
840 1358 -1599 2818 64
-9757 -5884 6075 9458 40
3150 4981 -639 -5882 85
1615 -439 6555 3833 85
-226 3552 -6225 -3508 9
-4350 7422 -5044 5912 30
-9690 -1340 -7753 5183 84
1716 7910 5932 2957 80
3307 -1704 -2066 6161 66
-8489 -4107 -3301 -2690 38
-5713 5851 -7274 -676 59
-1571 -6620 8318 -7880 57
4206 -8534 4943 1683 59
-4382 1348 1015 -6265 83
-5667 5213 2938 4042 74
-3275 1262 -8749 8443 96
1699 4492 -87 5435 55
-2688 3706 -6768 -3773 50
5700 -9038 -7545 -6472 13
624 1026 7977 145 68
-390 -4377 6643 -7438 64
780 1623 4524 1883 89
-5577 7249 -7860 8429 66
8503 -3198 -9869 -9238 94
-393 -6344 6264 -7574 64
5910 9075 -7382 1702 89
9768 2832 -4266 824 63
2710 -5064 -5152 -9957 43
-9271 5152 -9573 4433 80
-3644 8322 -3949 -8647 68
6392 928 6162 6197 53
5647 -3265 -7529 -2155 6
-4612 -4888 906 -3667 11
855 6413 -9130 -3373 62
-9620 -3067 2875 3419 38
-7176 4771 -2938 1948 29
7523 5540 8147 1444 4
-7858 -6937 -6616 2226 66
-3993 -5265 6992 -6984 76
-3420 9463 2486 -4868 24
1281 3167 9561 4383 52
-5138 2067 -6959 -7807 93
5160 -8557 6009 -9747 98
-9341 1615 5659 -3641 57
-3216 7804 -3526 4321 9
-8110 -3329 -2643 -5137 13
892 -2711 160 -740 21
5014 -6814 -3557 -7165 40
740 -1294 4836 -3714 96
3371 -9283 5939 -5859 74
3990 6438 7818 -9377 24
-6936 -2099 9029 2724 10
9445 9474 -7239 -6947 85
-6436 837 -610 6294 79
-1513 -1117 9757 1157 66
1136 -2503 -8039 4205 46
5864 6037 6917 -2312 90
-5897 1138 69 -2709 87
1423 7582 -7602 3890 48
-9550 -3039 35 4095 5
-9954 5345 5526 6602 88
-9549 -3321 5897 7821 2
4204 9580 3852 -6709 53
-5083 -4536 -5142 -4127 99
3447 -154 5176 -4447 33
6829 1499 -3301 4654 84
1955 -6938 7121 6717 62
-7789 -2611 5905 9952 52
572 3329 3136 -3753 1
6376 1877 -825 8847 25
6228 692 7224 6448 61
5533 4026 -675 -1377 11
-8634 943 -5126 8439 31
-3617 -9101 -1787 353 73
8634 -98 -8670 -8114 38
-1628 -6054 5338 2207 8
433 3371 524 -6249 2
6999 8900 1778 9051 51
-2862 6493 -4701 -3256 65
-1347 -4210 2087 -2667 92
