100
9487 -4372 -7444 2101 21
4376 -5288 -6285 -217 45
-3398 -9039 5962 1395 80
1423 9284 3827 -8099 12
-1295 -2732 306 102 13
3650 -8719 6536 -1000 29
-5041 8289 8464 3317 83
9536 -7123 1064 -4735 21
9611 1756 4768 -4111 55
5567 1856 -4706 -460 41
-3532 1832 -4522 -1112 98
-6232 -7744 1861 -2733 77
-3483 5077 3228 -78 35
7138 737 1054 -4884 24
-3403 3925 -1628 6056 98
-8528 -6677 -157 -3673 10
-2508 -9069 -99 -4244 29
-7374 -8053 -3058 3540 66
-7103 -5015 -8991 -632 8
-7119 9405 1182 9236 65
-5176 -5970 -5752 6705 1
-7783 -153 -3112 -1609 29
426 2655 -1364 -5303 37
5983 1931 -2109 -2800 22
7817 -873 -3421 1966 14
1999 5058 -4233 -536 2
3985 6394 1563 1296 14
923 -7012 1290 -7798 41
-1464 -3583 -2087 5666 78
4106 -5589 -2397 -286 17
-2008 9688 4244 -510 9
-5060 9033 673 -8330 36
-8071 -75 6236 -2326 27
-6835 -4768 -22 9857 11
5847 -3111 501 267 47
-6397 -4668 68 143 54
-8922 6553 -3690 6048 43
3730 1545 -3999 -5363 85
-8504 -1837 8236 793 92
-2656 -6910 -37 4192 88
-2490 4101 5242 -8026 32
-4707 6800 3432 -6337 75
-8153 4285 1473 -1501 40
4878 923 -5025 -3791 82
-8172 -1654 6031 2562 54
2726 6448 -1302 1814 39
-2391 -7330 3970 4829 96
591 630 7471 6270 77
2307 7113 3153 -8344 93
-3861 -2575 -3954 -5733 84
822 -2470 -4366 7056 5
-5044 -1045 766 746 85
-73 9525 -1401 7854 39
-5320 -4674 -788 9065 30
1898 385 -1623 -465 94
-8908 -2711 -5485 -2792 10
-201 2733 7592 -4067 46
7900 4469 1509 2621 68
7166 3228 -898 -4467 32
5943 2303 -3693 -1673 100
-1850 2784 -9 -490 28
-1679 6149 -2726 -4246 81
-9908 8893 -1176 969 55
-4921 5182 396 -239 36
3417 4135 292 8168 27
-3856 9918 3443 -1847 68
-5897 3338 -2203 2136 73
-8364 -4477 6571 277 14
-6870 2945 5511 -3400 21
5751 5610 6623 -4185 27
4369 6285 1697 -325 83
2409 -8229 -711 1505 17
3186 -8490 424 -3469 14
5920 -7231 -4275 5159 23
3967 1731 -2581 -1331 13
-7921 -9016 -2575 532 70
-707 2162 4327 3798 8
-1913 -3806 5764 1205 51
1664 -8153 127 -491 85
8517 8745 6227 6571 41
-3649 2277 -1244 -4931 76
-7041 2020 -355 566 2
-5196 -4702 2196 9703 51
-1055 2078 -528 -965 81
-1556 -2339 3159 1076 86
1851 4595 2030 -1599 23
-6497 4570 2286 -7605 77
48 -2799 -1280 -2179 47
-3027 -7384 -1216 -1105 64
3292 -544 -375 -143 68
-1003 -2724 -1321 -9170 39
5741 -7751 -166 -127 96
-6923 -3408 1617 2831 53
-189 -4934 3279 6216 88
-5512 8207 6623 -6220 99
-504 -1472 1481 7533 96
1851 -484 -3146 1436 57
8093 -6304 2312 -1853 83
-6587 8031 4862 -1068 58
-7011 -4019 6351 3267 30
