5000 150
17 82
84 127
27 43
143 35
91 34
57 97
134 117
139 102
16 17
28 34
110 144
55 102
125 114
136 89
83 64
125 106
116 92
101 115
51 92
63 103
84 56
69 88
147 117
135 114
126 131
32 140
25 131
31 30
99 77
104 49
113 77
133 75
55 57
69 88
53 64
28 43
111 48
58 118
33 83
10 38
112 108
14 14
91 16
125 138
75 54
85 36
131 16
149 84
130 145
143 38
98 122
62 148
79 23
97 86
73 105
115 141
90 27
45 144
138 72
15 30
78 65
136 91
36 149
120 131
85 112
39 29
15 128
68 139
26 74
49 27
131 10
49 79
92 81
125 144
79 35
89 81
112 44
126 96
68 88
107 47
31 83
132 31
105 65
37 45
41 135
41 110
117 138
49 94
56 127
83 78
30 97
19 65
88 76
114 15
107 10
16 110
18 146
148 48
14 80
148 92
10 115
135 49
55 129
61 13
43 84
65 132
23 67
16 94
149 116
59 145
149 68
71 140
149 65
61 38
91 144
106 124
123 25
129 75
104 35
99 16
68 74
68 42
125 44
79 92
44 131
108 25
137 90
15 45
150 100
97 23
15 45
136 127
74 43
146 81
70 125
145 53
48 66
32 79
144 70
114 15
98 41
58 106
148 45
91 93
60 143
104 65
21 24
31 112
124 73
105 49
86 106
40 40
63 66
40 150
29 78
141 15
141 124
91 83
21 110
100 139
106 89
112 41
85 147
45 55
65 78
144 101
142 92
120 53
82 51
24 86
20 146
65 135
141 75
91 23
12 16
83 100
71 17
39 30
104 15
19 102
148 124
108 124
91 111
92 134
35 104
91 88
134 24
67 132
96 78
150 60
61 11
44 111
145 51
41 150
130 51
112 105
54 149
99 27
106 129
140 48
79 129
115 138
18 50
80 39
45 15
58 36
40 40
12 112
46 24
124 40
103 102
121 26
127 138
39 77
104 109
109 21
110 149
25 15
61 150
32 93
99 20
12 98
94 45
38 106
137 136
15 34
21 15
120 61
130 115
126 21
70 26
53 11
147 43
147 14
148 122
33 61
104 99
110 101
79 109
111 24
51 45
147 86
28 37
77 99
17 71
42 92
55 39
93 20
17 35
84 104
43 22
109 41
81 62
92 111
83 115
95 83
43 47
25 79
52 119
62 83
85 96
140 35
115 97
118 143
111 31
23 22
120 100
117 143
37 116
40 56
24 40
121 21
82 96
123 96
139 55
127 93
88 54
97 115
128 94
138 18
83 40
27 129
118 83
44 135
101 19
143 20
82 100
129 116
18 88
79 31
40 104
20 26
13 88
103 23
99 99
98 41
93 71
143 13
33 101
58 22
132 36
130 105
40 40
107 49
54 63
12 18
86 147
99 27
56 15
114 121
125 53
72 127
51 102
133 102
50 47
85 50
32 128
38 41
36 127
39 122
117 92
135 108
88 50
107 140
43 29
94 19
20 60
53 34
66 123
121 70
35 48
106 13
26 94
63 147
38 92
86 138
50 134
114 96
23 134
84 36
142 98
115 92
60 50
150 149
50 42
41 148
91 97
81 145
51 33
141 61
97 27
84 45
92 65
56 67
94 147
67 134
36 146
141 57
30 60
14 120
75 81
110 27
53 148
57 28
117 34
87 71
148 130
49 104
141 91
117 24
140 148
58 136
85 55
35 93
97 53
43 32
52 14
98 128
89 59
21 99
46 56
103 129
111 143
139 120
68 144
105 143
35 142
58 45
119 15
46 22
120 93
89 40
53 116
18 110
49 109
143 111
63 130
95 79
145 37
91 116
57 27
10 92
42 130
90 136
51 59
149 91
92 97
84 136
137 107
17 136
22 102
147 78
127 15
75 45
147 42
130 31
56 73
138 28
65 26
70 105
118 94
55 86
87 72
25 31
35 84
58 149
50 37
46 113
86 14
77 111
107 118
100 115
76 48
19 86
36 61
45 150
111 74
115 82
79 131
31 130
58 74
54 77
128 98
115 13
59 13
62 41
84 90
72 38
16 103
147 39
104 116
53 95
51 33
36 18
33 142
113 138
59 40
91 75
54 125
75 126
97 95
76 129
52 13
25 53
17 36
10 79
79 49
31 48
136 16
33 134
100 146
133 67
147 22
61 130
40 48
80 54
38 140
64 111
104 92
104 144
88 124
69 17
58 84
139 114
118 130
61 77
77 57
107 13
120 20
81 138
127 45
136 93
18 105
73 19
45 31
128 61
79 22
64 100
115 77
89 70
59 133
114 150
95 141
62 58
132 60
81 128
72 60
74 71
13 32
15 148
100 126
96 56
39 83
117 59
95 150
135 64
25 120
62 48
30 93
94 83
47 81
43 137
150 75
80 104
64 40
119 120
45 85
136 118
146 34
125 45
135 65
13 53
86 44
150 28
104 70
37 81
45 136
89 86
18 138
39 94
133 55
109 112
78 70
63 75
121 94
29 37
94 135
132 82
92 44
44 13
30 146
67 58
107 35
74 73
71 53
13 87
42 86
17 116
16 52
42 52
76 17
48 62
96 71
34 85
103 31
36 112
121 121
63 137
85 12
100 114
16 121
149 19
23 116
69 108
70 81
31 73
98 110
104 100
134 106
67 100
63 87
28 91
19 146
138 101
46 150
105 121
103 90
17 61
102 62
52 108
126 139
130 85
103 124
101 69
138 143
118 38
35 90
17 67
132 128
105 111
24 42
25 60
46 39
24 23
11 23
32 75
133 82
119 47
145 104
145 33
94 128
124 56
76 150
15 140
29 16
93 150
147 63
139 26
104 60
21 16
74 127
61 84
132 86
45 61
41 32
147 144
21 130
88 144
129 19
127 15
44 24
116 112
88 69
73 42
35 62
12 118
94 87
123 136
102 11
110 29
43 38
28 77
12 59
94 101
74 46
73 140
69 28
11 108
126 86
12 83
91 141
138 20
144 80
95 46
67 97
146 71
111 27
108 95
16 101
148 83
148 85
147 55
97 34
147 78
116 11
150 20
111 63
63 115
16 93
98 58
134 135
64 142
64 149
59 23
122 80
61 21
81 15
113 147
48 37
110 36
140 44
22 52
10 62
92 24
42 89
123 23
117 107
44 143
64 124
137 29
144 24
40 38
115 42
37 28
143 132
117 30
134 31
130 139
53 58
21 36
43 124
121 66
44 108
17 22
125 98
65 61
112 87
62 125
27 38
93 145
77 50
23 67
43 91
115 114
33 13
77 48
108 83
94 57
93 19
51 108
137 12
83 35
136 141
132 69
46 81
64 36
68 64
141 58
13 26
67 46
53 59
149 148
95 87
58 100
88 66
90 64
73 126
127 30
99 125
105 130
63 38
99 54
57 29
42 127
136 115
24 146
145 139
127 96
16 147
134 136
61 39
111 29
75 35
79 133
141 140
58 108
74 57
64 58
30 103
93 63
98 88
133 84
114 109
48 39
104 78
77 86
83 147
47 78
99 34
66 135
74 81
70 142
88 89
64 144
65 69
148 104
37 34
116 102
20 89
60 34
110 63
101 136
116 94
142 15
115 52
68 47
10 53
118 112
49 70
87 100
15 91
14 119
37 32
31 13
50 45
97 114
86 98
68 100
41 143
80 49
67 111
94 144
16 131
41 18
61 26
128 122
96 11
75 81
67 85
112 76
35 97
141 110
113 146
39 117
41 71
14 44
75 80
136 23
83 103
83 90
83 97
149 121
82 30
104 56
40 14
129 98
76 81
112 86
34 44
107 14
144 72
117 114
68 95
150 77
144 38
21 110
75 100
21 31
91 136
80 133
110 94
126 110
118 58
109 123
51 130
148 26
140 27
136 150
103 85
96 72
116 119
149 112
101 128
98 33
92 132
116 122
21 60
78 131
120 108
67 44
121 143
39 65
18 136
92 57
80 54
22 108
143 75
41 93
139 108
33 99
147 142
53 46
58 21
131 126
80 70
116 102
27 52
12 101
20 150
69 92
85 139
13 16
145 66
128 39
86 64
126 16
33 98
59 106
112 57
50 85
62 93
61 87
144 117
43 38
14 37
118 119
115 84
110 135
20 66
54 124
147 48
83 119
65 112
96 132
118 34
42 103
114 58
88 51
94 144
138 115
143 148
127 75
31 132
137 142
137 38
107 29
114 135
131 53
97 131
66 147
70 62
103 84
45 17
133 11
86 129
112 59
134 144
48 45
48 106
67 37
48 113
129 68
124 48
77 60
148 74
77 12
118 101
21 30
104 73
40 104
101 88
138 83
85 41
117 47
128 80
68 35
111 133
79 36
64 137
102 84
36 92
76 47
42 136
20 33
68 122
42 72
148 138
150 40
85 104
59 92
42 133
110 30
27 68
62 126
39 17
18 39
72 135
113 131
34 48
135 42
109 18
144 48
131 117
69 76
17 83
149 10
106 58
111 115
115 62
59 17
51 31
44 19
21 105
78 48
133 52
88 46
89 105
135 18
116 149
19 141
22 115
42 34
62 95
68 43
39 84
93 28
141 126
69 73
44 149
40 101
115 144
142 34
52 109
14 52
90 78
60 45
73 142
57 107
95 115
95 54
46 100
58 16
44 76
115 18
21 142
110 131
127 99
106 107
36 84
24 24
25 32
50 94
12 32
96 62
132 99
67 110
128 71
11 143
65 23
141 74
11 44
130 34
136 28
112 31
60 140
106 74
32 27
129 130
73 46
123 63
126 143
41 44
97 78
70 125
118 139
79 33
93 52
83 54
113 147
29 76
50 103
120 60
77 126
129 19
60 50
87 109
91 80
96 74
11 148
36 59
25 146
43 79
33 57
150 145
138 75
40 144
109 58
144 123
109 67
64 75
107 106
120 12
66 33
113 75
18 72
70 36
127 86
22 104
76 97
18 103
41 47
127 81
105 104
120 61
85 44
147 12
22 89
29 141
58 80
122 70
66 103
144 102
74 56
10 116
129 24
79 77
81 99
147 109
111 94
59 85
11 48
147 44
24 107
26 122
107 10
16 119
149 100
96 67
117 115
145 21
22 49
101 91
90 64
85 101
30 136
79 90
110 51
52 77
84 141
81 148
91 135
118 103
99 99
73 117
41 92
127 97
147 125
66 109
30 134
96 35
10 131
138 10
27 96
48 62
59 33
64 53
70 43
53 17
92 107
40 107
68 10
112 110
102 21
29 27
138 42
69 87
87 105
93 28
63 49
43 88
137 71
105 144
24 88
15 99
20 124
62 71
135 63
139 63
61 60
143 133
97 47
101 48
63 72
84 61
112 139
107 123
53 99
126 52
145 15
139 146
109 34
51 106
144 118
40 26
49 49
110 116
90 63
55 39
65 54
136 128
14 118
15 111
10 68
132 41
45 124
70 67
116 142
57 47
127 79
118 38
142 85
26 29
22 67
132 135
116 149
55 72
54 145
51 148
17 44
148 118
130 141
35 150
121 69
138 123
66 53
64 74
72 72
115 14
104 122
15 50
10 90
40 107
71 95
148 69
20 56
144 12
105 88
61 138
143 117
136 50
124 143
122 83
12 149
105 88
90 47
99 67
128 67
89 31
139 20
113 11
19 101
33 137
130 39
27 16
75 29
25 30
33 116
111 51
143 48
140 18
87 125
83 117
10 60
17 129
149 80
100 144
139 61
76 135
64 52
125 76
131 83
126 100
104 19
82 44
108 145
90 65
38 83
81 125
148 36
93 47
72 42
10 138
135 22
51 51
95 55
140 131
61 31
85 16
95 136
140 69
92 111
53 24
82 31
99 102
85 93
74 139
82 24
16 117
137 49
61 30
57 45
97 106
34 82
122 136
108 142
40 42
45 104
84 82
45 82
91 67
94 59
101 67
100 36
104 127
137 120
22 16
98 101
66 106
62 93
128 43
120 81
47 94
105 28
52 113
136 27
72 58
67 99
38 80
148 17
79 119
123 121
19 90
88 108
74 93
119 109
60 20
32 93
107 98
35 140
30 99
27 36
43 93
149 103
55 20
61 12
11 118
56 109
64 117
19 34
69 81
142 58
120 27
48 147
96 60
28 39
130 39
84 65
102 45
65 71
109 102
108 149
115 16
73 103
129 64
128 119
134 24
53 120
110 90
149 148
38 110
93 111
66 106
18 136
68 80
138 33
98 85
46 49
65 142
126 18
70 13
102 108
31 98
133 50
24 17
130 96
121 137
150 103
104 49
120 126
147 89
75 58
23 35
61 92
149 108
143 103
33 71
97 75
136 30
12 139
144 117
81 77
125 92
118 66
91 11
127 111
94 136
56 145
138 51
71 84
140 80
43 140
128 85
89 23
118 30
47 71
28 30
29 128
24 17
108 115
98 51
124 147
131 78
95 37
138 72
69 51
144 32
37 94
82 29
115 63
139 112
95 131
62 137
58 114
115 105
103 116
22 121
108 20
104 53
27 66
12 13
140 146
16 131
46 62
61 11
95 34
110 45
22 24
78 112
127 82
84 72
123 63
91 47
127 50
109 19
108 45
15 88
34 61
124 35
102 108
96 147
123 78
75 35
100 85
116 12
147 90
106 23
41 23
24 45
128 112
64 38
34 141
82 109
132 135
22 69
29 16
93 70
57 78
27 21
20 125
122 98
41 99
134 100
73 36
80 44
15 22
112 10
113 14
138 25
14 100
147 120
55 64
46 67
137 123
28 28
13 72
33 146
60 68
105 34
138 116
149 39
77 104
122 82
94 103
89 91
77 40
32 98
145 118
62 21
102 147
41 83
59 129
14 99
42 23
134 88
103 87
114 34
30 82
143 56
145 137
85 140
129 121
83 88
41 96
37 141
87 17
12 146
144 127
37 69
70 49
57 136
31 41
63 92
149 135
78 126
132 138
38 122
72 46
138 39
46 56
60 63
88 51
133 109
47 149
91 124
134 104
50 42
112 39
45 94
128 131
135 31
10 127
136 69
40 91
83 77
82 39
79 60
66 61
94 35
26 14
101 22
83 91
35 82
98 105
105 45
102 44
143 87
24 75
86 150
91 92
78 94
11 108
16 127
35 46
115 86
145 23
98 72
140 45
79 148
69 84
88 40
143 51
81 10
24 32
67 48
49 71
68 39
101 42
139 143
27 58
74 21
101 35
60 146
133 34
28 109
15 24
13 10
16 143
104 56
138 135
95 42
112 115
41 100
62 73
45 55
97 92
34 105
51 80
42 67
142 85
54 91
107 125
69 123
25 46
51 20
72 91
82 73
148 18
91 12
61 48
113 68
19 20
39 59
75 119
35 69
48 128
41 99
120 112
71 120
28 87
135 98
115 65
97 51
34 122
91 82
82 78
143 10
122 105
122 17
58 85
129 122
116 17
19 62
12 82
23 63
111 95
121 65
57 25
122 71
149 48
55 80
18 111
143 93
112 42
124 114
62 150
36 62
10 104
121 65
137 51
136 138
29 123
140 102
67 73
143 67
120 30
62 29
104 28
137 13
46 106
133 37
14 12
18 56
141 149
81 99
89 129
30 41
51 48
81 133
145 146
61 102
26 84
12 65
95 68
77 17
51 21
119 145
77 130
81 110
50 34
75 18
109 122
23 108
103 90
113 150
34 67
88 136
96 121
88 123
10 115
73 69
47 13
128 141
100 44
58 61
123 77
132 67
79 64
85 32
138 92
99 43
24 99
48 101
111 138
131 32
108 93
95 122
53 24
14 117
22 21
99 82
127 99
107 28
25 25
122 17
141 26
54 59
78 105
27 107
81 53
123 69
83 142
57 45
123 149
147 65
70 75
143 64
11 109
126 130
136 43
116 145
23 100
64 78
114 100
134 33
135 67
26 92
41 113
140 130
34 137
133 37
35 78
149 91
54 27
149 91
52 150
57 95
142 112
127 62
65 120
33 126
149 11
59 43
69 145
65 16
58 57
99 66
103 122
11 100
26 85
128 36
111 76
127 128
55 99
86 33
76 59
135 17
103 50
43 42
127 118
41 76
91 13
60 98
107 93
79 77
46 107
82 77
13 101
20 99
79 125
15 77
140 76
19 80
63 75
83 98
130 116
47 99
125 63
106 93
130 135
133 127
96 150
62 23
111 67
61 115
91 13
81 37
76 15
14 118
118 138
103 89
61 148
149 16
46 128
91 68
45 121
128 129
47 26
53 76
147 29
150 52
34 17
105 125
72 145
120 133
36 136
27 52
35 20
45 118
99 12
90 80
92 96
26 54
73 133
108 20
95 17
140 104
132 51
118 96
102 105
98 108
81 149
65 32
42 72
36 85
126 135
80 39
28 12
140 54
149 38
52 82
109 74
19 76
38 103
65 74
23 13
99 50
110 34
49 76
62 123
15 85
68 36
70 42
129 136
81 85
113 52
109 108
46 119
87 60
80 62
76 53
118 39
43 61
15 114
80 42
99 18
140 128
105 150
12 149
119 11
139 86
106 47
135 60
18 31
108 106
138 120
139 73
117 30
127 45
45 113
38 42
55 44
39 41
117 17
113 43
23 101
60 86
111 139
127 92
50 70
12 145
54 141
142 14
105 106
98 102
130 125
98 85
30 88
75 88
100 100
53 59
124 122
45 82
46 26
60 69
120 125
15 65
11 65
141 122
22 99
19 141
96 113
57 118
37 84
76 45
59 120
20 17
55 133
73 48
43 126
91 56
87 77
35 90
115 39
119 91
91 133
62 118
11 84
43 118
30 124
29 76
92 118
25 44
27 10
116 14
116 135
148 30
72 104
39 29
28 29
130 150
22 113
135 59
13 10
126 96
47 84
28 50
122 12
55 46
84 27
78 42
125 138
134 19
52 10
103 127
74 31
81 99
82 119
80 58
13 95
126 148
60 36
22 57
105 33
86 112
142 143
32 132
82 32
112 29
11 72
60 148
15 110
131 68
89 55
141 23
132 98
101 124
97 34
34 10
84 136
120 10
139 147
57 58
34 61
47 97
66 142
91 112
76 42
111 20
43 132
60 58
122 35
28 59
146 43
117 97
107 80
61 137
67 12
49 124
21 42
59 69
118 41
26 70
40 24
128 146
86 22
72 137
102 86
29 124
75 71
46 82
70 101
22 46
24 65
78 39
107 69
16 25
26 137
144 34
29 91
30 104
84 134
12 115
64 22
16 59
105 59
11 114
102 132
55 90
49 99
145 99
112 48
49 132
94 34
11 22
73 76
45 132
126 19
77 16
48 65
73 17
38 123
29 57
32 55
105 19
73 100
142 60
121 41
114 106
16 48
112 111
68 70
119 96
16 43
87 54
57 26
90 113
101 97
89 123
72 22
113 55
49 95
107 121
114 55
52 70
100 119
30 33
144 110
139 87
138 138
147 40
48 66
128 89
64 61
140 92
102 84
112 127
99 128
124 52
42 101
112 138
57 50
67 81
67 105
103 111
134 140
42 74
86 101
64 77
131 122
21 147
52 148
68 13
137 127
68 80
13 23
37 73
34 124
76 118
89 94
51 73
117 135
69 130
48 25
120 147
19 150
58 83
80 14
14 127
35 71
12 92
21 76
23 113
13 56
73 100
28 113
85 11
80 67
112 133
48 24
37 108
25 26
45 21
41 95
148 139
69 103
100 104
10 125
136 39
111 76
110 50
116 149
127 143
15 19
30 71
31 16
113 129
83 28
83 51
118 55
30 150
68 82
84 40
124 143
42 94
26 114
67 60
34 50
80 105
77 138
37 40
14 131
89 123
105 50
138 76
101 85
43 116
20 78
147 144
72 144
145 32
149 15
56 142
39 52
74 26
24 28
98 92
30 23
123 45
140 128
133 53
118 68
69 20
118 81
34 144
27 52
92 29
101 30
16 100
66 88
92 119
129 144
25 105
72 27
141 111
18 83
52 148
48 103
63 121
39 23
40 14
39 78
103 15
125 15
12 120
73 45
83 46
142 74
99 109
81 23
14 100
10 43
131 131
107 131
150 97
41 102
92 84
119 77
134 79
83 58
107 85
10 102
90 71
66 29
103 144
32 81
32 123
148 104
120 53
45 100
51 110
48 25
11 22
119 93
33 116
117 73
17 85
133 40
120 103
26 92
84 33
142 15
150 90
59 104
102 54
56 37
28 143
71 93
88 30
123 66
65 57
10 75
33 34
45 80
125 28
71 113
58 44
114 80
40 106
137 65
26 85
121 20
33 78
112 80
78 69
42 86
102 112
46 49
23 17
55 78
48 72
37 37
50 127
12 76
117 121
61 31
14 19
98 146
147 70
76 28
114 51
124 140
143 62
79 135
50 47
32 32
146 50
13 103
52 124
98 47
98 144
104 95
146 128
122 87
135 116
40 106
66 94
101 78
112 25
97 59
12 13
119 114
32 22
67 112
112 111
96 119
64 103
33 18
41 146
142 76
134 92
105 147
35 96
96 87
109 100
55 42
31 42
41 134
66 52
116 102
14 36
85 39
104 101
115 124
54 108
111 128
99 94
12 64
41 10
24 19
128 56
88 55
118 92
106 36
139 31
105 48
91 121
134 47
128 51
127 58
41 115
96 10
102 58
120 109
102 73
107 74
50 36
86 130
52 76
53 11
142 47
143 87
64 57
128 29
83 127
56 142
34 38
82 107
22 84
102 147
17 45
21 27
101 74
96 49
33 128
36 132
13 77
147 60
126 103
137 135
126 13
57 88
19 20
70 65
87 132
56 118
50 125
79 129
16 40
89 103
75 78
69 104
66 61
87 33
13 77
79 80
73 86
83 96
67 130
88 19
16 15
39 121
36 137
14 34
135 67
31 135
26 42
53 42
73 87
81 62
137 149
145 135
141 109
64 129
139 71
142 146
104 132
20 132
128 71
32 126
42 147
86 75
30 40
42 22
117 92
23 47
51 137
55 76
146 110
51 42
70 71
138 113
120 52
126 53
105 140
15 24
32 14
135 13
132 14
42 100
72 138
34 124
26 134
134 125
122 37
95 89
20 102
35 33
64 17
76 18
118 39
104 46
86 49
61 144
56 80
102 149
43 97
99 68
10 28
94 111
80 116
133 28
143 147
119 68
32 31
57 33
117 23
35 111
118 116
143 62
127 32
110 139
55 81
148 62
149 143
75 92
53 78
132 139
126 71
65 80
10 45
121 77
100 80
32 31
65 28
72 33
100 145
145 133
114 137
93 148
81 144
94 15
91 42
98 140
105 131
111 120
90 68
86 132
40 11
14 107
83 114
25 127
141 109
96 44
124 39
115 66
18 69
43 125
40 79
138 47
140 135
117 65
143 68
33 66
92 47
141 13
116 136
56 11
121 16
128 40
97 87
51 141
66 80
78 106
28 31
59 116
142 84
74 98
29 25
43 51
102 72
22 87
41 55
46 144
136 16
27 107
134 146
107 11
105 25
117 79
37 95
53 129
137 125
26 52
148 143
96 97
123 82
90 55
116 97
60 61
53 149
90 27
28 49
83 12
101 61
49 85
42 79
117 40
10 66
149 50
118 108
37 74
70 150
21 22
21 51
49 120
73 13
23 135
10 46
12 74
14 90
115 127
43 28
103 130
92 14
43 47
45 148
81 121
61 109
82 51
83 150
126 56
58 121
54 140
123 12
100 28
89 80
100 35
149 35
69 22
80 23
144 125
59 129
81 51
96 106
135 19
95 126
87 60
33 39
71 42
134 83
113 49
114 78
37 124
45 86
71 105
42 143
85 116
55 133
65 73
139 20
62 129
75 144
113 58
56 75
110 81
75 55
134 102
37 116
17 21
56 28
138 139
88 30
150 101
114 127
102 129
51 44
96 140
113 80
17 13
130 81
101 76
123 61
148 71
43 67
148 96
93 23
128 77
26 125
62 116
22 22
79 77
73 18
20 24
110 84
17 150
19 73
13 48
137 65
125 40
48 48
110 11
21 64
126 23
131 16
12 129
29 98
84 57
24 17
19 124
113 102
85 75
128 29
147 72
107 69
135 41
138 90
48 70
59 50
89 124
35 88
121 71
129 15
20 136
13 143
139 53
104 127
27 73
102 26
77 97
42 10
134 72
99 40
23 117
107 18
29 136
137 66
65 48
42 87
110 85
35 61
29 11
146 59
90 82
115 34
31 99
62 12
43 136
14 114
135 130
54 140
60 58
58 150
51 68
96 131
102 123
112 132
82 134
96 28
56 43
95 33
135 134
112 12
42 60
108 77
100 149
106 115
140 142
43 149
134 110
35 73
68 105
122 38
77 66
46 52
125 132
82 68
112 27
54 96
117 27
27 125
48 67
95 125
42 70
12 111
72 113
20 10
21 131
50 60
59 47
51 74
33 95
74 42
27 66
49 84
53 96
66 132
96 33
79 39
22 141
121 26
122 35
147 98
34 53
33 53
40 25
110 135
99 59
67 139
119 37
98 109
44 91
139 115
133 142
69 57
64 66
13 57
116 117
145 12
150 133
80 46
39 75
50 50
88 39
106 108
137 89
102 21
96 119
121 80
29 116
50 20
65 28
127 134
128 95
133 100
50 91
121 48
148 113
60 96
33 81
17 61
42 29
114 66
119 17
103 123
52 34
141 119
125 127
12 92
130 40
31 17
144 118
85 91
132 52
21 144
140 14
58 68
19 57
26 38
136 128
136 60
66 76
13 76
88 38
11 148
144 126
48 88
52 97
65 111
107 91
93 52
16 69
72 94
107 64
140 120
138 80
114 38
148 145
96 35
30 78
131 105
57 130
112 102
57 69
146 117
119 87
88 139
10 38
13 94
16 132
36 97
68 41
26 14
114 126
29 41
148 150
70 128
101 11
110 75
145 78
113 30
86 103
58 66
121 43
140 66
55 35
52 67
149 33
91 103
49 142
109 82
74 145
73 24
25 124
88 82
141 135
111 139
100 99
135 141
43 87
60 51
109 67
134 73
70 67
20 53
128 38
65 22
148 119
116 50
108 10
70 51
136 47
107 31
57 134
99 39
94 69
50 113
76 72
101 75
13 46
69 84
108 90
75 61
135 67
22 50
28 19
139 12
38 144
37 45
11 77
87 30
51 41
113 141
128 59
66 90
60 148
109 41
55 28
110 118
87 78
89 142
16 81
129 57
111 13
50 16
16 69
28 126
28 126
135 106
81 148
83 120
36 148
53 85
37 108
26 149
149 54
20 57
46 104
132 107
137 47
147 75
139 14
131 112
141 17
69 115
136 76
34 89
107 106
20 48
22 81
18 17
84 108
136 28
26 25
140 92
101 51
149 45
91 27
28 55
88 26
78 148
73 61
16 17
61 58
60 78
73 85
56 41
87 129
43 31
99 26
99 12
135 118
140 43
49 58
97 54
147 12
43 137
109 38
147 122
84 129
103 87
142 11
35 131
46 34
110 140
127 28
83 57
144 102
74 48
146 147
46 14
138 138
148 34
112 25
12 134
124 93
82 25
102 56
39 52
121 61
33 23
106 36
59 81
147 107
95 23
39 38
18 43
108 122
78 39
39 144
116 49
99 105
144 42
47 25
16 17
136 86
65 80
94 81
23 119
48 121
113 82
127 131
35 121
54 150
147 59
84 18
96 54
135 12
103 138
66 18
139 69
150 124
79 96
39 30
96 129
82 100
48 102
94 34
74 74
127 129
70 23
121 148
98 22
119 31
41 135
125 136
31 109
103 43
40 116
96 127
109 82
86 75
48 134
116 149
11 123
37 28
27 137
112 48
53 138
90 110
76 13
86 103
123 109
139 126
127 138
117 61
11 72
61 59
113 80
46 97
107 84
101 150
133 120
100 55
54 100
96 21
43 82
16 104
130 18
81 148
43 62
124 10
40 121
41 101
59 19
26 22
54 130
95 21
113 12
110 94
34 136
74 93
98 18
119 12
54 108
85 104
42 51
97 50
21 20
16 15
107 80
51 147
80 93
28 96
96 21
138 101
128 121
111 113
39 132
133 86
67 130
36 33
109 132
148 34
73 69
44 75
145 92
82 115
47 105
41 76
79 138
85 96
74 118
17 25
66 124
137 23
66 54
127 99
30 36
103 90
41 37
33 136
67 29
135 99
34 28
136 50
140 96
100 73
36 62
74 140
135 88
69 79
80 126
21 67
85 137
57 117
98 63
150 73
55 32
146 36
76 125
39 125
128 126
47 57
37 31
84 123
90 79
101 49
47 121
58 24
18 87
91 10
84 31
81 149
125 126
86 91
112 36
145 68
141 132
63 31
122 84
102 117
133 93
55 60
100 48
127 31
40 80
51 101
36 28
138 144
96 12
139 85
64 29
141 134
45 79
19 97
113 18
73 55
57 140
122 36
65 31
58 83
79 143
118 65
131 70
114 102
81 141
53 25
136 84
58 29
19 145
150 50
121 11
127 84
109 31
65 139
54 105
61 21
52 29
114 125
125 107
133 124
46 140
23 103
69 109
53 133
72 13
80 16
70 50
90 130
76 100
150 33
69 61
125 100
36 66
72 124
86 62
79 95
90 45
117 32
107 126
112 43
88 146
47 149
109 86
84 35
77 17
40 65
120 87
48 138
67 84
81 32
65 116
130 110
27 69
82 106
74 124
120 14
121 113
15 80
93 89
86 104
108 127
124 39
67 117
92 51
109 95
120 29
14 134
124 49
88 139
106 45
68 85
119 74
39 100
95 79
24 117
88 11
97 136
142 91
63 61
44 49
34 98
76 149
105 126
128 102
64 49
91 140
43 26
133 10
82 31
78 125
128 36
60 15
107 124
48 41
43 117
62 74
113 48
44 141
106 24
45 64
73 28
73 60
107 102
57 140
33 71
21 103
15 91
43 20
41 85
29 23
94 40
49 64
65 43
13 124
50 16
137 30
27 22
50 128
50 18
83 17
12 64
17 25
63 150
76 21
66 82
95 50
86 135
102 85
83 65
90 89
36 122
135 138
133 45
17 147
27 70
138 88
118 91
65 64
45 51
131 103
102 39
56 108
110 49
133 14
125 59
28 72
149 86
101 137
59 101
106 41
145 58
115 60
148 145
46 117
10 120
125 56
72 137
90 71
137 36
101 65
40 111
54 87
104 80
11 60
16 34
16 84
44 64
57 82
136 120
32 26
113 133
138 107
81 92
53 138
113 81
17 15
82 88
133 21
95 130
106 130
27 74
53 63
16 54
30 71
148 49
110 135
126 73
74 12
32 98
82 17
75 105
20 39
135 113
47 135
85 87
60 69
57 74
111 107
146 76
69 62
129 97
16 146
132 56
25 98
13 77
120 94
53 89
52 15
10 22
108 25
106 29
68 107
83 13
69 26
54 57
77 118
38 60
139 83
52 31
78 30
136 90
94 50
15 103
35 109
44 116
74 95
40 29
91 28
150 26
100 72
81 117
66 20
128 13
73 142
80 79
19 19
46 65
40 85
128 17
81 105
33 13
106 99
56 20
121 72
80 58
80 55
117 65
100 102
10 131
87 46
61 45
117 10
45 146
128 82
11 84
55 80
19 54
108 126
58 112
82 39
62 52
15 144
41 117
13 92
28 132
102 67
16 10
65 73
150 13
42 86
69 71
49 97
48 98
134 51
35 38
77 105
101 116
82 113
70 54
65 122
56 107
68 131
26 101
31 82
13 29
147 35
143 91
75 112
11 48
132 17
98 99
62 136
33 18
76 18
140 71
35 111
50 74
52 51
19 40
33 48
60 98
12 108
22 86
98 61
85 118
94 46
14 54
29 135
143 85
124 63
127 40
11 28
25 46
116 103
29 105
94 42
67 86
50 65
58 97
51 74
48 95
84 23
22 109
15 66
24 104
45 84
139 22
28 32
85 33
131 45
112 21
95 44
63 111
74 145
64 129
30 30
130 115
23 60
82 48
67 101
97 74
149 18
14 76
49 59
43 14
75 50
39 121
89 76
18 88
63 111
41 97
93 137
15 76
27 23
74 123
62 15
33 147
129 99
140 133
55 63
135 16
19 64
46 46
77 86
119 86
125 93
147 115
20 112
57 146
75 122
20 90
78 94
57 130
32 38
97 141
115 86
93 81
141 52
51 13
24 54
150 80
118 49
80 50
118 78
42 92
11 96
31 87
33 58
94 62
44 102
102 133
60 62
16 44
150 15
95 114
71 37
19 84
90 32
146 122
24 71
47 27
107 29
36 53
132 107
137 103
40 133
64 95
149 18
122 65
143 147
87 145
32 110
85 40
145 99
19 123
80 73
131 49
108 55
84 72
111 116
38 41
125 87
95 21
26 52
141 144
145 131
149 26
103 107
15 42
112 22
32 69
92 73
16 139
88 111
11 25
110 31
109 140
69 36
71 116
71 149
57 119
55 104
48 89
110 44
81 136
137 70
125 63
90 73
53 115
117 142
120 128
41 44
49 65
143 22
28 13
118 77
25 85
63 47
86 90
76 28
123 45
104 128
50 17
17 29
74 116
30 31
108 50
122 98
137 80
31 73
117 136
22 149
60 89
29 44
47 55
127 127
40 99
83 74
14 26
128 102
78 99
20 130
133 10
59 129
126 45
60 40
54 49
33 142
118 38
129 93
43 119
81 44
10 129
44 84
104 94
88 42
122 97
143 20
123 29
128 86
125 74
51 94
27 67
47 91
91 109
14 11
75 38
146 113
106 43
145 148
37 85
114 22
150 118
117 28
64 110
64 150
49 24
79 90
54 14
118 111
46 82
55 103
93 41
17 46
114 95
135 81
76 141
147 43
144 122
15 149
134 78
128 146
138 119
72 103
14 84
46 81
14 77
61 132
38 81
145 79
94 25
88 36
23 112
95 113
116 10
82 138
125 58
32 79
22 53
20 75
12 53
12 111
28 150
17 86
42 95
16 120
19 109
91 72
75 50
81 40
121 107
144 129
121 124
106 113
23 96
68 73
17 44
99 56
33 127
101 71
150 129
110 93
69 141
141 146
119 131
141 107
73 73
60 118
28 95
86 40
79 43
14 74
120 78
36 53
145 37
27 68
38 110
142 74
93 98
138 32
106 59
38 77
138 69
21 132
87 49
130 136
110 108
139 89
16 145
44 13
137 16
81 118
18 53
26 13
103 137
145 62
144 45
41 92
56 60
70 56
19 134
85 15
123 11
137 34
73 37
57 112
68 122
60 130
16 52
58 134
134 110
18 132
119 34
113 26
70 68
42 148
147 39
137 67
122 90
147 63
149 42
67 76
12 123
143 60
145 77
80 101
29 139
77 100
66 74
106 67
67 78
31 31
12 62
135 118
19 28
98 94
22 109
73 104
37 14
54 135
49 111
77 37
70 91
39 84
79 84
51 115
104 85
101 71
79 117
71 95
89 92
126 69
69 83
133 81
100 97
139 60
68 36
92 94
88 59
105 52
63 60
105 34
149 150
45 40
33 68
26 98
101 141
92 76
15 145
42 146
147 40
15 55
112 20
108 120
18 39
103 128
99 73
29 141
138 32
50 18
58 95
98 62
125 16
145 135
138 149
41 59
84 20
149 38
84 114
44 123
17 17
91 14
118 119
143 125
109 95
119 29
39 55
94 16
133 109
53 25
32 32
52 28
53 125
59 14
114 43
33 109
130 84
63 50
133 17
45 69
76 96
145 143
11 85
76 139
109 94
30 66
80 82
46 24
116 16
64 42
85 145
54 75
141 38
137 122
12 29
136 53
105 73
138 122
75 65
55 46
119 121
127 134
118 150
65 146
143 23
136 134
23 142
39 24
56 93
46 75
101 45
17 44
26 88
76 18
145 40
16 89
98 85
61 97
99 36
14 118
62 46
74 67
75 107
110 120
24 45
49 127
34 77
76 34
19 110
126 108
107 19
121 66
98 23
74 78
137 120
88 100
89 19
15 107
114 13
147 22
47 18
70 79
121 95
104 66
59 62
34 94
117 47
50 101
134 24
111 20
86 87
11 141
61 122
40 90
77 59
115 108
118 133
42 19
120 130
142 68
47 86
123 135
121 75
108 84
81 23
32 114
111 27
62 58
72 34
122 127
90 131
12 90
57 108
142 55
24 42
66 116
132 36
36 79
39 121
98 146
11 46
126 133
131 69
21 112
90 47
128 28
147 91
73 138
149 146
119 96
20 22
58 138
116 17
144 57
82 116
108 144
131 67
29 41
93 77
38 105
95 67
37 92
21 144
13 93
53 125
122 143
101 87
60 130
121 70
32 114
113 77
79 100
120 18
135 108
55 107
22 22
94 12
148 82
14 57
37 54
59 29
27 147
45 100
55 146
45 63
103 91
85 67
33 89
50 43
97 97
36 98
68 101
44 50
102 69
145 100
124 110
137 52
29 94
13 105
143 62
39 10
109 145
136 123
131 21
49 149
82 101
105 24
90 109
42 48
44 88
96 142
45 115
68 123
67 80
29 16
98 124
38 102
74 14
85 73
13 130
34 136
127 58
105 27
14 49
29 65
15 18
149 28
68 54
26 78
103 63
96 61
149 109
39 83
31 118
32 24
53 93
53 110
14 38
44 31
11 117
27 28
68 150
56 120
73 128
44 90
104 93
12 87
145 122
113 79
109 24
53 120
29 84
121 113
58 57
127 67
55 52
136 46
28 30
112 72
54 28
96 64
10 31
108 125
94 114
34 75
80 55
50 103
37 51
63 25
69 48
105 75
134 146
57 24
91 14
103 146
74 121
119 34
51 38
70 69
110 65
28 52
11 144
65 112
150 82
89 139
82 138
133 43
117 19
65 44
14 150
77 95
125 102
34 10
37 49
52 83
112 97
79 103
36 93
64 44
62 68
134 103
35 33
51 17
37 149
55 118
125 52
105 149
28 120
146 61
65 36
25 89
112 18
131 137
78 45
28 111
112 23
110 92
132 138
95 120
30 142
80 148
88 116
54 110
51 143
122 54
142 86
107 46
33 146
99 55
58 56
41 64
67 89
35 33
25 146
76 119
110 51
60 64
129 60
89 29
127 69
75 131
77 145
137 73
124 90
117 46
68 71
120 143
12 66
134 13
125 12
141 83
73 30
118 22
142 63
120 138
134 103
25 37
26 150
81 105
77 150
11 95
119 115
105 62
58 68
22 128
142 76
122 127
18 128
20 88
122 105
135 73
136 130
73 83
49 59
68 146
84 40
111 45
123 25
53 122
127 70
133 77
144 115
55 20
47 12
22 18
20 99
53 32
56 55
33 87
87 97
108 33
131 37
82 23
143 120
58 53
126 101
16 119
143 74
19 47
36 73
54 42
63 72
70 117
143 130
62 148
112 93
91 22
22 102
71 76
13 55
73 19
109 85
134 57
108 90
123 18
63 78
139 60
59 40
12 41
42 149
114 97
98 47
26 143
111 120
69 130
145 85
119 119
45 23
78 113
129 51
135 141
105 62
63 11
90 44
37 29
25 96
23 108
55 127
21 128
52 71
61 81
48 129
18 141
143 64
23 29
98 81
19 95
99 43
17 20
99 70
80 11
77 64
21 116
144 110
26 115
83 45
12 149
19 133
13 148
66 88
63 34
30 119
43 87
57 117
94 57
59 69
117 77
68 111
63 89
113 115
21 44
60 120
27 33
116 21
57 85
103 91
66 113
98 78
29 144
85 39
114 106
117 107
27 79
14 10
64 80
133 141
35 83
144 15
106 21
78 143
24 19
94 75
42 98
125 116
52 147
29 52
14 26
117 51
86 27
141 136
145 135
18 20
23 33
11 68
80 140
117 36
54 119
42 100
99 138
59 70
95 99
80 101
47 115
39 27
91 80
119 122
97 90
29 140
49 58
98 117
65 66
45 123
21 85
47 61
38 133
93 101
72 31
41 69
55 145
18 12
123 147
19 86
49 47
114 34
19 32
41 14
69 62
65 94
40 18
39 37
15 140
89 89
106 14
97 116
145 50
63 127
27 102
12 106
62 125
132 147
120 17
68 87
104 132
21 107
147 65
61 78
20 136
86 147
22 86
26 64
96 87
72 70
143 23
71 140
118 38
145 99
76 86
82 142
33 140
55 14
108 28
68 140
125 35
144 87
131 67
59 75
142 127
118 150
27 98
50 114
81 57
148 51
108 129
14 108
80 86
139 79
144 52
46 148
127 149
112 109
25 68
61 75
89 51
114 147
98 53
83 53
69 57
16 120
71 82
83 58
95 114
46 126
75 118
55 64
61 110
140 81
131 142
132 15
90 61
43 53
143 22
120 95
28 85
50 136
111 108
35 102
52 54
140 144
83 23
61 16
146 22
31 19
104 71
50 147
111 100
14 114
149 97
76 32
87 82
71 69
46 22
119 29
136 20
24 145
91 98
82 117
114 90
121 49
138 68
117 86
123 147
120 57
143 12
132 131
17 35
29 24
66 39
149 126
62 136
72 99
89 111
121 107
46 112
135 92
78 130
73 149
134 100
60 98
114 101
20 81
19 46
103 142
62 72
121 112
116 56
106 106
55 55
40 57
18 72
12 61
75 132
70 43
77 140
125 53
85 148
25 36
107 128
97 92
41 19
94 90
54 104
25 120
137 23
69 40
59 137
44 128
96 56
143 109
73 128
72 12
94 117
63 25
123 99
29 45
17 31
111 119
129 34
16 141
82 106
92 71
52 123
147 87
99 61
86 128
14 98
147 12
137 126
148 52
10 37
11 148
71 74
62 58
121 94
51 34
41 135
138 27
40 44
129 93
72 84
110 108
137 52
57 116
64 150
24 43
82 107
74 37
80 135
87 86
67 144
37 72
132 48
115 30
74 133
90 91
45 127
55 107
20 72
116 14
27 125
123 35
19 17
24 108
62 59
117 82
18 108
13 78
64 106
138 65
144 144
96 142
124 140
107 142
146 110
30 115
13 141
140 59
10 89
138 93
50 131
150 145
122 130
143 108
134 124
73 149
74 61
139 113
19 89
22 65
118 82
137 23
131 75
20 66
37 75
101 76
35 37
113 43
87 127
40 37
148 58
13 82
80 83
43 24
96 105
60 70
33 95
13 107
27 136
73 111
33 60
93 105
50 41
140 84
132 39
59 59
13 18
62 87
85 140
49 35
88 113
41 140
91 119
49 133
54 36
46 143
10 126
107 28
124 34
122 119
127 23
64 22
106 41
97 107
75 124
32 37
42 90
67 149
89 36
116 150
51 73
120 19
135 16
92 63
145 47
65 38
34 37
97 13
22 109
44 33
27 22
120 75
54 36
119 34
63 121
29 144
69 36
63 48
140 142
47 12
97 56
81 137
60 73
116 94
46 109
52 145
63 139
34 31
72 139
42 56
18 115
23 137
101 80
122 46
108 120
23 45
62 78
134 101
28 90
25 132
50 16
94 86
28 150
116 63
111 51
126 130
110 132
61 94
133 39
53 75
100 14
70 96
133 64
115 115
49 113
148 72
106 108
10 40
109 138
142 120
90 107
55 12
87 64
27 88
144 150
96 94
50 34
142 45
43 58
46 122
12 79
150 50
149 39
144 48
17 40
15 61
140 119
30 37
61 19
48 73
134 59
59 149
100 42
121 64
56 128
137 62
138 77
48 46
92 101
122 143
147 88
65 148
113 10
99 113
59 89
86 40
86 102
95 142
35 125
131 61
122 93
138 142
82 32
51 12
101 96
125 33
18 52
128 44
99 121
142 51
133 13
38 102
92 111
115 124
135 52
90 126
62 59
35 81
69 113
123 27
108 88
119 107
87 105
95 145
25 68
24 71
60 40
51 97
124 42
42 29
79 106
146 139
135 146
23 101
84 71
26 49
140 115
19 88
24 108
98 35
62 44
81 128
141 35
120 139
102 122
137 110
149 123
132 91
54 108
49 122
36 85
65 84
30 13
104 62
88 51
140 71
107 78
101 86
75 109
22 10
67 37
39 86
52 63
55 132
60 72
109 131
22 141
130 42
104 66
121 25
20 15
47 136
47 115
88 56
120 129
144 126
107 98
26 143
41 20
92 122
73 77
127 150
95 39
61 113
97 131
53 58
67 123
76 111
132 103
96 45
56 141
19 73
108 131
67 12
88 107
80 19
21 122
43 131
16 111
99 115
150 133
78 72
102 64
118 64
102 94
90 77
33 33
148 116
106 98
148 62
26 96
121 78
131 116
28 79
142 17
72 12
124 49
45 146
137 148
127 114
86 15
133 20
130 25
34 140
115 35
61 107
35 75
96 16
54 85
110 84
125 105
143 145
15 65
94 114
120 137
30 68
54 122
134 60
116 117
56 97
82 76
32 42
148 106
145 126
89 136
85 10
54 130
133 19
89 85
103 121
49 14
76 116
53 105
121 123
93 76
75 39
101 85
102 95
147 131
21 38
10 132
113 64
18 105
68 141
92 10
52 45
140 110
15 11
15 54
38 15
123 116
108 78
36 44
62 42
82 50
135 123
19 116
75 126
140 35
111 137
20 29
83 33
85 40
78 20
125 53
71 85
133 144
83 49
16 77
44 22
42 130
81 118
77 102
33 111
59 106
122 36
127 41
120 43
22 24
38 13
50 145
84 138
102 87
125 148
56 105
144 140
149 48
119 71
135 20
89 136
68 137
103 119
72 93
113 57
111 89
31 17
124 36
19 123
115 52
63 93
83 27
97 85
59 15
47 93
113 27
105 101
94 73
34 61
40 21
68 79
89 91
44 88
43 133
31 20
90 130
69 76
126 49
108 145
27 149
123 90
75 25
113 142
104 129
10 147
117 66
79 57
33 90
76 130
60 57
78 51
84 36
